from_stop_id,to_stop_id,transfer_type,min_transfer_time
7986272,2220,2,246
967988,1647,2,180
2430,1753,2,139
6591535,1682,2,211
7899413,967988,2,207
1964,2220,2,400
7899413,967989,2,207
6591442,1753,2,206
7898907,2436,2,208
7931357,1753,2,204
9416558,1753,2,206
6640126,1875,2,198
7898955,2066,2,271
8838664,1965,2,246
7986309,2289,2,215
8985247,2218,2,187
3343777,967989,2,180
9416527,1905,2,237
7945916,2220,2,245
2377,967988,2,180
2377,967989,2,180
9128567,1965,2,189
7161643,2220,2,213
7275452,2220,2,221
7275150,2220,2,207
6591836,2492,2,270
6591833,1875,2,198
9416520,967988,2,217
9416520,967989,2,217
7922512,1965,2,346
3343778,967988,2,180
3343778,967989,2,180
6591456,1965,2,200
6591840,1963,2,216
6591545,2051,2,243
8985259,2218,2,205
7161644,2220,2,213
6591447,2066,2,214
7931337,2051,2,243
7899985,2220,2,157
9416546,2066,2,196
4459252,1965,2,246
7932157,2289,2,270
7932203,2100,2,214
7932206,2220,2,245
7899668,1965,2,284
9416561,1753,2,253
7899670,1965,2,308
7275453,1965,2,208
4037197,1965,2,207
4037196,2289,2,245
7945917,1965,2,200
7931408,2408,2,202
7985526,2431,2,248
9416181,1965,2,209
7899533,2408,2,202
4036986,1965,2,189
1967,2220,2,480
6591545,2100,2,243
6591844,2051,2,214
7986311,1965,2,293
7899668,1893,2,215
7931349,2066,2,196
7922510,1965,2,152
7899414,967988,2,243
7899414,967989,2,243
7647746,1753,2,199
6591833,2271,2,198
7899669,2220,2,157
8451934,1965,2,194
6640126,2271,2,198
7921219,1965,2,282
7931360,2431,2,211
7931461,1682,2,250
7931341,967988,2,204
9296092,1965,2,157
9416555,2492,2,211
7647707,1753,2,211
9416535,2051,2,213
7899616,2220,2,245
7931341,967989,2,204
7945916,1965,2,245
6591445,2266,2,237
2221,2220,2,123
7898910,2115,2,214
7921220,1965,2,314
7932040,2431,2,189
6591524,2051,2,243
6591444,2492,2,270
6591838,1758,2,206
7931362,2492,2,270
4037268,967988,2,217
6591536,1875,2,188
7932206,1965,2,245
9416184,2220,2,194
6591531,2115,2,196
4037268,967989,2,217
2289,1892,2,144
7275450,1965,2,243
4036982,2100,2,243
7899669,1965,2,157
7991690,2436,2,208
7275450,2220,2,243
8451934,2220,2,194
2548,2115,2,132
4036647,1893,2,226
9362048,1963,2,216
7275147,2100,2,243
2548,2066,2,98
1766,967989,2,180
7931342,967988,2,207
1766,967988,2,180
7931359,1753,2,253
7931342,967989,2,207
9416554,1682,2,270
6591555,2266,2,225
7945885,2220,2,213
4036985,1965,2,200
7921220,2220,2,314
7932157,1893,2,270
2050,2051,2,93
7932206,2289,2,218
1166834,2220,2,420
7899148,2436,2,197
7898955,2115,2,271
1797,1798,2,75
6591548,967988,2,229
6591548,967989,2,229
6591836,1682,2,270
7921117,1965,2,207
2219,1965,2,400
7932206,1893,2,218
6591553,2066,2,196
6591535,2492,2,211
8367261,2220,2,157
7931568,967989,2,217
7931568,967988,2,217
9416535,2100,2,213
7275315,2220,2,189
2223,1965,2,480
7945913,2100,2,243
7170694,967989,2,207
6591560,1875,2,188
8367261,1965,2,157
7931338,2051,2,213
7170694,967988,2,207
9384720,2431,2,211
7898910,2066,2,214
9128514,1965,2,314
7275452,2289,2,245
1893,2288,2,192
9416546,2115,2,196
9416644,2436,2,197
6591554,2436,2,208
6591838,2436,2,206
7898906,2436,2,214
9375284,1875,2,198
6591533,2266,2,225
8367330,2220,2,243
4037199,2220,2,308
9416559,1753,2,204
8367260,2220,2,247
7986310,1965,2,282
7900232,2439,2,256
7899606,2431,2,192
7899983,2220,2,204
7899415,967989,2,256
7899415,967988,2,256
9128513,1965,2,189
7945916,2289,2,218
6591557,1682,2,211
6591454,2439,2,214
7991688,1758,2,206
9416184,1965,2,194
6591442,2431,2,206
2221,1965,2,250
6591553,2115,2,196
7275315,1965,2,189
7899983,1965,2,204
7931351,1758,2,208
6591845,1761,2,214
7931522,967988,2,207
7931522,967989,2,207
6830742,1875,2,188
7898911,2115,2,196
6591835,1753,2,206
6591554,1758,2,208
7932039,2431,2,198
7931461,2492,2,250
1966,2220,2,126
7931355,1682,2,211
4459253,2220,2,221
4037196,1965,2,221
7985526,1753,2,248
9416644,1758,2,197
6591847,2289,2,223
9416554,2492,2,270
7899743,2220,2,246
1966,1965,2,250
967989,2527,2,180
8985259,1963,2,205
4037196,2220,2,221
1968,2220,2,480
7900233,1761,2,229
4037197,2220,2,207
9416538,967988,2,204
1166835,1965,2,420
1893,1892,2,175
9416538,967989,2,204
4037198,2220,2,194
7931337,2100,2,243
7932040,1753,2,189
9416545,2115,2,271
7647746,2431,2,199
4459253,1893,2,245
2289,2288,2,168
4036983,2439,2,214
4037196,1893,2,245
7945917,2220,2,200
7275147,2051,2,243
7931357,2431,2,204
7899668,2220,2,284
7900233,2439,2,229
7945916,1893,2,218
9362043,967989,2,204
7931407,2408,2,255
9362043,967988,2,204
9416526,2436,2,206
9296092,2220,2,157
9362048,2218,2,216
7899412,967988,2,253
8985247,1963,2,187
2099,2051,2,111
9416233,1965,2,187
9375284,2271,2,198
7931372,967989,2,217
4036982,2051,2,243
6591531,2066,2,196
9416117,2220,2,209
7931372,967988,2,217
7899412,967989,2,253
7931351,2436,2,208
7899616,2289,2,218
9416181,2220,2,209
4036822,2220,2,314
9416545,2066,2,271
6591454,1761,2,214
7900234,1761,2,208
9416534,2051,2,243
7931365,1905,2,237
967989,1647,2,180
6591450,967989,2,217
4036649,2220,2,314
7931407,1798,2,255
7899607,1753,2,192
7931348,2066,2,271
4037198,1965,2,194
1964,1965,2,400
4036769,2220,2,187
8007559,1758,2,206
7899577,2220,2,243
7899668,2289,2,215
7899986,2220,2,314
2050,2100,2,119
8367259,2289,2,273
6673110,1965,2,207
7275317,1965,2,308
6591533,1905,2,225
7899616,1965,2,245
7931404,1682,2,270
7899607,2431,2,192
9048667,2271,2,188
1752,1753,2,156
7921116,1965,2,207
7986272,1965,2,246
7921183,2289,2,226
9416183,2220,2,187
7899743,1965,2,246
9416182,1965,2,209
9416233,2220,2,187
7921116,2220,2,207
2220,2036,2,240
7932204,2439,2,214
6591839,2115,2,214
4459253,1965,2,221
7931365,2266,2,237
8838664,2220,2,246
6591448,2218,2,216
7275452,1893,2,245
7921183,1893,2,226
2087,2115,2,139
9296094,2220,2,243
9416524,2066,2,214
1967,1965,2,480
7922512,2220,2,346
8367262,2220,2,346
6591457,1965,2,204
7921117,2220,2,207
7931370,2218,2,216
7161643,1965,2,213
1166834,1965,2,420
1166835,2220,2,420
7275316,1965,2,189
9416548,1758,2,208
9416117,1965,2,209
7899549,1798,2,255
6591840,2218,2,216
3687659,1753,2,242
6591450,967988,2,217
4037195,2289,2,226
7931521,967988,2,253
7931521,967989,2,253
7945914,2439,2,214
9416539,967989,2,207
4036986,2220,2,189
8367259,1965,2,247
9416539,967988,2,207
7898907,1758,2,208
6591557,2492,2,211
6591541,1965,2,204
7931352,2266,2,225
9416182,2220,2,209
8367260,2289,2,273
2222,1965,2,480
4036985,2220,2,200
7931355,2492,2,211
7899670,2220,2,308
6830742,2271,2,188
9416534,2100,2,243
8451933,2220,2,187
7899148,1758,2,197
8985204,2218,2,205
7931370,1963,2,216
2219,2220,2,400
7275451,2220,2,207
2430,2431,2,140
7986311,2220,2,293
1767,967988,2,180
9416526,1758,2,206
1767,967989,2,180
7899456,967988,2,217
9048665,2431,2,220
2099,2100,2,137
7931368,2115,2,214
7899147,2436,2,217
7899456,967989,2,217
8010712,1875,2,254
9416548,2436,2,208
7898911,2066,2,196
7275453,2220,2,208
7899579,1893,2,226
7921181,2220,2,246
9296094,1965,2,243
7932037,1753,2,250
9416524,2115,2,214
7899986,1965,2,314
9128514,2220,2,314
9416522,2218,2,216
7900232,1761,2,256
2223,2220,2,480
6591453,2100,2,214
7899549,2408,2,255
7899606,1753,2,192
7986310,2220,2,282
6591847,2220,2,241
7898906,1758,2,214
4037195,1893,2,226
6591847,1893,2,223
6869547,1875,2,254
4459253,2289,2,245
7921176,2289,2,226
9416549,1905,2,225
6591444,1682,2,270
7931352,1905,2,225
7275316,2220,2,189
8451933,1965,2,187
4036649,1965,2,314
8367262,1965,2,346
7899577,1965,2,243
6591847,1965,2,241
6869547,2271,2,254
9416555,1682,2,211
6591457,2220,2,204
7932039,1753,2,198
7921219,2220,2,282
7899616,1893,2,218
7899533,1798,2,202
8367259,1893,2,273
7931338,2100,2,213
7931373,967989,2,231
7931373,967988,2,231
7275151,1965,2,189
7932037,2431,2,250
7275148,1761,2,214
9416559,2431,2,204
6673110,2220,2,207
8367260,1965,2,247
9296091,2220,2,308
7931348,2115,2,271
2431,4009041,2,278
4459252,2220,2,246
9384720,1753,2,211
9416676,1758,2,197
7922511,1965,2,152
6591835,2431,2,206
6591842,967989,2,217
6591842,967988,2,217
9128568,2220,2,189
7931349,2115,2,196
967988,2527,2,180
7931408,1798,2,202
1968,1965,2,480
9128513,2220,2,189
7275452,1965,2,221
9416558,2431,2,206
7275148,2439,2,214
7900042,2220,2,243
1753,4009041,2,278
7899147,1758,2,217
8985204,1963,2,205
8367259,2220,2,247
7932204,1761,2,214
7986309,1965,2,284
9048667,1875,2,188
7921181,1965,2,246
6591837,1905,2,237
4036983,1761,2,214
6591837,2266,2,237
4036822,1965,2,314
7922510,2220,2,152
7945885,1965,2,213
7275150,1965,2,207
9416522,1963,2,216
7986309,2220,2,284
7647707,2431,2,211
7922511,2220,2,152
7931362,1682,2,270
4037199,1965,2,308
7932203,2051,2,214
7900234,2439,2,208
7275317,2220,2,308
1965,2155,2,250
7931404,2492,2,270
9128567,2220,2,189
6591536,2271,2,188
4036647,2289,2,226
6591448,1963,2,216
6591447,2115,2,214
7275451,1965,2,207
7899984,2220,2,204
6591845,2439,2,214
3687659,2431,2,242
7991690,1758,2,208
7931359,2431,2,253
6673109,2220,2,207
9128568,1965,2,189
6591445,1905,2,237
7986309,1893,2,215
7931360,1753,2,211
6591844,2100,2,214
1797,2408,2,79
9128569,1965,2,314
9416676,2436,2,197
9416549,2266,2,225
9416183,1965,2,187
7275151,2220,2,189
7899985,1965,2,157
8010712,2271,2,254
6673109,1965,2,207
6591456,2220,2,200
6591541,2220,2,204
6591839,2066,2,214
1752,2431,2,131
7945913,2051,2,243
2220,2155,2,210
7932202,967988,2,217
7991688,2436,2,206
7932202,967989,2,217
9416561,2431,2,253
6591526,967989,2,229
1965,2036,2,240
6591526,967988,2,229
7931368,2066,2,214
6591524,2100,2,243
6591560,2271,2,188
7161644,1965,2,213
2222,2220,2,480
9296091,1965,2,308
9416527,2266,2,237
8007559,2436,2,206
8367330,1965,2,243
6591555,1905,2,225
3343777,967988,2,180
9416519,967989,2,231
9416519,967988,2,231
9128569,2220,2,314
4036769,1965,2,187
2087,2066,2,95
7921176,1893,2,226
2376,967988,2,180
7900042,1965,2,243
2376,967989,2,180
7899579,2289,2,226
8367260,1893,2,273
7899984,1965,2,204
7945914,1761,2,214
9048665,1753,2,220
6591453,2051,2,214
