service_id,monday,tuesday,wednesday,thursday,friday,saturday,sunday,start_date,end_date
13545728,0,0,0,0,0,0,0,20210325,20210901
13545729,0,0,0,0,0,0,0,20210713,20210820
3545730,0,0,0,0,0,0,0,20210423,20210917
13545724,0,0,0,0,0,0,0,20210419,20210920
13545725,0,0,0,0,0,0,0,20210502,20210524
13545726,0,0,0,0,0,0,0,20210719,20210823
13545727,0,0,0,0,0,0,0,20210504,20210923
13545730,0,0,0,0,0,0,0,20210424,20210918
13412853,0,0,0,0,0,0,0,20210418,20210919
3412853,0,0,0,0,0,0,0,20210417,20210918
3545729,0,0,0,0,0,0,0,20210712,20210819
3545725,0,0,0,0,0,0,0,20210501,20210523
3545726,0,0,0,0,0,0,0,20210718,20210822
3545727,0,0,0,0,0,0,0,20210503,20210922
3545728,0,0,0,0,0,0,0,20210324,20210831
3545724,0,0,0,0,0,0,0,20210418,20210919
