service_id,monday,tuesday,wednesday,thursday,friday,saturday,sunday,start_date,end_date
3545742,0,0,0,0,0,0,0,20210714,20210714
3545741,0,0,0,0,0,0,0,20210418,20210530
3545740,0,0,0,0,0,0,0,20210606,20210919
13545741,0,0,0,0,0,0,0,20210419,20210531
3545743,0,0,0,0,0,0,0,20210501,20210523
13545740,0,0,0,0,0,0,0,20210607,20210920
3545746,0,0,0,0,0,0,0,20210701,20210831
3545745,0,0,0,0,0,0,0,20210802,20210819
13545745,0,0,0,0,0,0,0,20210803,20210820
3412859,0,0,0,0,0,0,0,20210417,20210918
3545747,0,0,0,0,0,0,0,20210324,20210922
13545743,0,0,0,0,0,0,0,20210502,20210524
13545742,0,0,0,0,0,0,0,20210715,20210715
13412859,0,0,0,0,0,0,0,20210418,20210919
3545739,0,0,0,0,0,0,0,20210423,20210917
13545747,0,0,0,0,0,0,0,20210325,20210923
13545746,0,0,0,0,0,0,0,20210702,20210901
13545739,0,0,0,0,0,0,0,20210424,20210918
