route_id,service_id,trip_id,trip_headsign,trip_short_name,direction_id,shape_id
2278414,3143096,10031430960917606,102,102,0,
2278414,3143097,10031430970917606,102,102,0,
2278414,3412884,10034128840917606,102,102,0,
2278414,3412886,10034128860917606,102,102,0,
2278414,3143096,10131430960917606,102,102,0,
2278414,3143097,10131430970917606,102,102,0,
2278414,3412884,10134128840917606,102,102,0,
2278414,3412886,10134128860917606,102,102,0,
2278414,3143096,10231430960917606,102,102,0,
2278414,3143097,10231430970917606,102,102,0,
2278414,3412884,10234128840917606,102,102,0,
2278414,3412886,10234128860917606,102,102,0,
2278414,3143096,1031430960917606,102,102,0,
2278414,3143097,1031430970917606,102,102,0,
2278414,3143096,10331430960917606,102,102,0,
2278414,3143097,10331430970917606,102,102,0,
2278414,3412884,10334128840917606,102,102,0,
2278414,3412886,10334128860917606,102,102,0,
2278414,3412884,1034128840917606,102,102,0,
2278414,3412886,1034128860917606,102,102,0,
2278414,3143096,10431430960917606,102,102,0,
2278414,3143097,10431430970917606,102,102,0,
2278414,3412884,10434128840917606,102,102,0,
2278414,3412886,10434128860917606,102,102,0,
2278414,3143096,10531430960917606,102,102,0,
2278414,3143097,10531430970917606,102,102,0,
2278414,3412884,10534128840917606,102,102,0,
2278414,3412886,10534128860917606,102,102,0,
2278414,3143096,10631430960917606,102,102,0,
2278414,3143097,10631430970917606,102,102,0,
2278414,3412884,10634128840917606,102,102,0,
2278414,3412886,10634128860917606,102,102,0,
2278414,3143096,10731430960917606,102,102,0,
2278414,3143097,10731430970917606,102,102,0,
2278414,3412884,10734128840917606,102,102,0,
2278414,3412886,10734128860917606,102,102,0,
2278414,3143096,10831430960917606,102,102,0,
2278414,3143097,10831430970917606,102,102,0,
2278414,3412884,10834128840917606,102,102,0,
2278414,3412886,10834128860917606,102,102,0,
2278414,3143096,10931430960917606,102,102,0,
2278414,3143097,10931430970917606,102,102,0,
2278414,3412884,10934128840917606,102,102,0,
2278414,3412886,10934128860917606,102,102,0,
2278414,3143096,11031430960917606,102,102,0,
2278414,3143097,11031430970917606,102,102,0,
2278414,3412884,11034128840917606,102,102,0,
2278414,3412886,11034128860917606,102,102,0,
2278414,3143096,11131430960917606,102,102,0,
2278414,3143097,11131430970917606,102,102,0,
2278414,3412884,11134128840917606,102,102,0,
2278414,3412886,11134128860917606,102,102,0,
2278414,3143096,11231430960917606,102,102,0,
2278414,3143097,11231430970917606,102,102,0,
2278414,3412884,11234128840917606,102,102,0,
2278414,3412886,11234128860917606,102,102,0,
2278414,3143096,1131430960917606,102,102,0,
2278414,3143097,1131430970917606,102,102,0,
2278414,3143096,11331430960917606,102,102,0,
2278414,3143097,11331430970917606,102,102,0,
2278414,3412884,11334128840917606,102,102,0,
2278414,3412886,11334128860917606,102,102,0,
2278414,3412884,1134128840917606,102,102,0,
2278414,3412886,1134128860917606,102,102,0,
2278414,3143096,11431430960917606,102,102,0,
2278414,3143097,11431430970917606,102,102,0,
2278414,3412884,11434128840917606,102,102,0,
2278414,3412886,11434128860917606,102,102,0,
2278414,3143096,11531430960917606,102,102,0,
2278414,3143097,11531430970917606,102,102,0,
2278414,3412884,11534128840917606,102,102,0,
2278414,3412886,11534128860917606,102,102,0,
2278414,3143096,11631430960917606,102,102,0,
2278414,3143097,11631430970917606,102,102,0,
2278414,3412884,11634128840917606,102,102,0,
2278414,3412886,11634128860917606,102,102,0,
2278414,3143096,11731430960917606,102,102,0,
2278414,3143097,11731430970917606,102,102,0,
2278414,3412884,11734128840917606,102,102,0,
2278414,3412886,11734128860917606,102,102,0,
2278414,3143096,11831430960917606,102,102,0,
2278414,3143097,11831430970917606,102,102,0,
2278414,3412884,11834128840917606,102,102,0,
2278414,3412886,11834128860917606,102,102,0,
2278414,3143096,11931430960917606,102,102,0,
2278414,3143097,11931430970917606,102,102,0,
2278414,3412884,11934128840917606,102,102,0,
2278414,3412886,11934128860917606,102,102,0,
2278414,3143096,12031430960917606,102,102,0,
2278414,3143097,12031430970917606,102,102,0,
2278414,3412884,12034128840917606,102,102,0,
2278414,3412886,12034128860917606,102,102,0,
2278414,3143096,12131430960917606,102,102,0,
2278414,3143097,12131430970917606,102,102,0,
2278414,3412884,12134128840917606,102,102,0,
2278414,3412886,12134128860917606,102,102,0,
2278414,3143096,12231430960917606,102,102,0,
2278414,3143097,12231430970917606,102,102,0,
2278414,3412884,12234128840917606,102,102,0,
2278414,3412886,12234128860917606,102,102,0,
2278414,3143096,1231430960917606,102,102,0,
2278414,3143097,1231430970917606,102,102,0,
2278414,3143096,12331430960917606,102,102,0,
2278414,3143097,12331430970917606,102,102,0,
2278414,3412884,12334128840917606,102,102,0,
2278414,3412886,12334128860917606,102,102,0,
2278414,3412884,1234128840917606,102,102,0,
2278414,3412886,1234128860917606,102,102,0,
2278414,3143096,12431430960917606,102,102,0,
2278414,3143097,12431430970917606,102,102,0,
2278414,3412884,12434128840917606,102,102,0,
2278414,3412886,12434128860917606,102,102,0,
2278414,3143096,12531430960917606,102,102,0,
2278414,3143097,12531430970917606,102,102,0,
2278414,3412884,12534128840917606,102,102,0,
2278414,3412886,12534128860917606,102,102,0,
2278414,3143096,12631430960917606,102,102,0,
2278414,3143097,12631430970917606,102,102,0,
2278414,3412884,12634128840917606,102,102,0,
2278414,3412886,12634128860917606,102,102,0,
2278414,3143096,12731430960917606,102,102,0,
2278414,3143097,12731430970917606,102,102,0,
2278414,3412884,12734128840917606,102,102,0,
2278414,3412886,12734128860917606,102,102,0,
2278414,3143096,12831430960917606,102,102,0,
2278414,3143097,12831430970917606,102,102,0,
2278414,3412884,12834128840917606,102,102,0,
2278414,3412886,12834128860917606,102,102,0,
2278414,3143096,12931430960917606,102,102,0,
2278414,3143097,12931430970917606,102,102,0,
2278414,3412884,12934128840917606,102,102,0,
2278414,3412886,12934128860917606,102,102,0,
2278414,3143096,13031430960917606,102,102,0,
2278414,3143097,13031430970917606,102,102,0,
2278414,3412884,13034128840917606,102,102,0,
2278414,3412886,13034128860917606,102,102,0,
2278414,3143096,13131430960917606,102,102,0,
2278414,3143097,13131430970917606,102,102,0,
2278414,3412884,13134128840917606,102,102,0,
2278414,3412886,13134128860917606,102,102,0,
2278414,3143096,131430960917606,102,102,0,
2278414,3143097,131430970917606,102,102,0,
2278414,3143096,13231430960917606,102,102,0,
2278414,3143097,13231430970917606,102,102,0,
2278414,3412884,13234128840917606,102,102,0,
2278414,3412886,13234128860917606,102,102,0,
2278414,3143096,1331430960917606,102,102,0,
2278414,3143097,1331430970917606,102,102,0,
2278414,3143096,13331430960917606,102,102,0,
2278414,3143097,13331430970917606,102,102,0,
2278414,3412884,13334128840917606,102,102,0,
2278414,3412886,13334128860917606,102,102,0,
2278414,3412884,1334128840917606,102,102,0,
2278414,3412886,1334128860917606,102,102,0,
2278414,3412884,134128840917606,102,102,0,
2278414,3412886,134128860917606,102,102,0,
2278414,3143096,13431430960917606,102,102,0,
2278414,3143097,13431430970917606,102,102,0,
2278414,3412884,13434128840917606,102,102,0,
2278414,3412886,13434128860917606,102,102,0,
2278414,3143096,13531430960917606,102,102,0,
2278414,3143097,13531430970917606,102,102,0,
2278414,3412884,13534128840917606,102,102,0,
2278414,3412886,13534128860917606,102,102,0,
2278414,3143096,13631430960917606,102,102,0,
2278414,3143097,13631430970917606,102,102,0,
2278414,3412884,13634128840917606,102,102,0,
2278414,3412886,13634128860917606,102,102,0,
2278414,3143096,13731430960917606,102,102,0,
2278414,3143097,13731430970917606,102,102,0,
2278414,3412884,13734128840917606,102,102,0,
2278414,3412886,13734128860917606,102,102,0,
2278414,3143096,13831430960917606,102,102,0,
2278414,3143097,13831430970917606,102,102,0,
2278414,3412884,13834128840917606,102,102,0,
2278414,3412886,13834128860917606,102,102,0,
2278414,3143096,13931430960917606,102,102,0,
2278414,3143097,13931430970917606,102,102,0,
2278414,3412884,13934128840917606,102,102,0,
2278414,3412886,13934128860917606,102,102,0,
2278414,3143096,14031430960917606,102,102,0,
2278414,3143097,14031430970917606,102,102,0,
2278414,3412884,14034128840917606,102,102,0,
2278414,3412886,14034128860917606,102,102,0,
2278414,3143096,14131430960917606,102,102,0,
2278414,3143097,14131430970917606,102,102,0,
2278414,3412884,14134128840917606,102,102,0,
2278414,3412886,14134128860917606,102,102,0,
2278414,3143096,14231430960917606,102,102,0,
2278414,3143097,14231430970917606,102,102,0,
2278414,3412884,14234128840917606,102,102,0,
2278414,3412886,14234128860917606,102,102,0,
2278414,3143096,1431430960917606,102,102,0,
2278414,3143097,1431430970917606,102,102,0,
2278414,3143096,14331430960917606,102,102,0,
2278414,3143097,14331430970917606,102,102,0,
2278414,3412884,14334128840917606,102,102,0,
2278414,3412886,14334128860917606,102,102,0,
2278414,3412884,1434128840917606,102,102,0,
2278414,3412886,1434128860917606,102,102,0,
2278414,3143096,14431430960917606,102,102,0,
2278414,3143097,14431430970917606,102,102,0,
2278414,3412884,14434128840917606,102,102,0,
2278414,3412886,14434128860917606,102,102,0,
2278414,3143096,14531430960917606,102,102,0,
2278414,3143097,14531430970917606,102,102,0,
2278414,3412884,14534128840917606,102,102,0,
2278414,3412886,14534128860917606,102,102,0,
2278414,3143096,14631430960917606,102,102,0,
2278414,3143097,14631430970917606,102,102,0,
2278414,3412884,14634128840917606,102,102,0,
2278414,3412886,14634128860917606,102,102,0,
2278414,3143096,14731430960917606,102,102,0,
2278414,3143097,14731430970917606,102,102,0,
2278414,3412884,14734128840917606,102,102,0,
2278414,3412886,14734128860917606,102,102,0,
2278414,3143096,14831430960917606,102,102,0,
2278414,3143097,14831430970917606,102,102,0,
2278414,3412884,14834128840917606,102,102,0,
2278414,3412886,14834128860917606,102,102,0,
2278414,3143096,14931430960917606,102,102,0,
2278414,3143097,14931430970917606,102,102,0,
2278414,3412884,14934128840917606,102,102,0,
2278414,3412886,14934128860917606,102,102,0,
2278414,3143096,15031430960917606,102,102,0,
2278414,3143097,15031430970917606,102,102,0,
2278414,3412884,15034128840917606,102,102,0,
2278414,3412886,15034128860917606,102,102,0,
2278414,3143096,15131430960917606,102,102,0,
2278414,3143097,15131430970917606,102,102,0,
2278414,3412884,15134128840917606,102,102,0,
2278414,3412886,15134128860917606,102,102,0,
2278414,3143096,15231430960917606,102,102,0,
2278414,3143097,15231430970917606,102,102,0,
2278414,3412884,15234128840917606,102,102,0,
2278414,3412886,15234128860917606,102,102,0,
2278414,3143096,1531430960917606,102,102,0,
2278414,3143097,1531430970917606,102,102,0,
2278414,3143096,15331430960917606,102,102,0,
2278414,3143097,15331430970917606,102,102,0,
2278414,3412884,15334128840917606,102,102,0,
2278414,3412886,15334128860917606,102,102,0,
2278414,3412884,1534128840917606,102,102,0,
2278414,3412886,1534128860917606,102,102,0,
2278414,3143096,15431430960917606,102,102,0,
2278414,3143097,15431430970917606,102,102,0,
2278414,3412884,15434128840917606,102,102,0,
2278414,3412886,15434128860917606,102,102,0,
2278414,3143096,15531430960917606,102,102,0,
2278414,3143097,15531430970917606,102,102,0,
2278414,3412884,15534128840917606,102,102,0,
2278414,3412886,15534128860917606,102,102,0,
2278414,3143096,15631430960917606,102,102,0,
2278414,3143097,15631430970917606,102,102,0,
2278414,3412884,15634128840917606,102,102,0,
2278414,3412886,15634128860917606,102,102,0,
2278414,3143096,15731430960917606,102,102,0,
2278414,3143097,15731430970917606,102,102,0,
2278414,3412884,15734128840917606,102,102,0,
2278414,3412886,15734128860917606,102,102,0,
2278414,3143096,15831430960917606,102,102,0,
2278414,3143097,15831430970917606,102,102,0,
2278414,3412884,15834128840917606,102,102,0,
2278414,3412886,15834128860917606,102,102,0,
2278414,3143096,15931430960917606,102,102,0,
2278414,3143097,15931430970917606,102,102,0,
2278414,3412884,15934128840917606,102,102,0,
2278414,3412886,15934128860917606,102,102,0,
2278414,3143096,16031430960917606,102,102,0,
2278414,3143097,16031430970917606,102,102,0,
2278414,3412884,16034128840917606,102,102,0,
2278414,3412886,16034128860917606,102,102,0,
2278414,3143096,16131430960917606,102,102,0,
2278414,3143097,16131430970917606,102,102,0,
2278414,3412884,16134128840917606,102,102,0,
2278414,3412886,16134128860917606,102,102,0,
2278414,3143096,16231430960917606,102,102,0,
2278414,3143097,16231430970917606,102,102,0,
2278414,3412884,16234128840917606,102,102,0,
2278414,3412886,16234128860917606,102,102,0,
2278414,3143096,1631430960917606,102,102,0,
2278414,3143097,1631430970917606,102,102,0,
2278414,3143096,16331430960917606,102,102,0,
2278414,3143097,16331430970917606,102,102,0,
2278414,3412884,16334128840917606,102,102,0,
2278414,3412886,16334128860917606,102,102,0,
2278414,3412884,1634128840917606,102,102,0,
2278414,3412886,1634128860917606,102,102,0,
2278414,3143096,16431430960917606,102,102,0,
2278414,3143097,16431430970917606,102,102,0,
2278414,3412884,16434128840917606,102,102,0,
2278414,3412886,16434128860917606,102,102,0,
2278414,3143096,16531430960917606,102,102,0,
2278414,3143097,16531430970917606,102,102,0,
2278414,3412884,16534128840917606,102,102,0,
2278414,3412886,16534128860917606,102,102,0,
2278414,3143096,16631430960917606,102,102,0,
2278414,3143097,16631430970917606,102,102,0,
2278414,3412884,16634128840917606,102,102,0,
2278414,3412886,16634128860917606,102,102,0,
2278414,3143096,16731430960917606,102,102,0,
2278414,3143097,16731430970917606,102,102,0,
2278414,3412884,16734128840917606,102,102,0,
2278414,3412886,16734128860917606,102,102,0,
2278414,3143096,16831430960917606,102,102,0,
2278414,3143097,16831430970917606,102,102,0,
2278414,3412884,16834128840917606,102,102,0,
2278414,3412886,16834128860917606,102,102,0,
2278414,3143096,16931430960917606,102,102,0,
2278414,3143097,16931430970917606,102,102,0,
2278414,3412884,16934128840917606,102,102,0,
2278414,3412886,16934128860917606,102,102,0,
2278414,3143096,17031430960917606,102,102,0,
2278414,3143097,17031430970917606,102,102,0,
2278414,3412884,17034128840917606,102,102,0,
2278414,3412886,17034128860917606,102,102,0,
2278414,3143096,17131430960917606,102,102,0,
2278414,3143097,17131430970917606,102,102,0,
2278414,3412884,17134128840917606,102,102,0,
2278414,3412886,17134128860917606,102,102,0,
2278414,13143096,17231430960917606,102,102,0,
2278414,3143097,17231430970917606,102,102,0,
2278414,3412884,17234128840917606,102,102,0,
2278414,3412886,17234128860917606,102,102,0,
2278414,3143096,1731430960917606,102,102,0,
2278414,3143097,1731430970917606,102,102,0,
2278414,13143096,17331430960917606,102,102,0,
2278414,3143097,17331430970917606,102,102,0,
2278414,3412884,17334128840917606,102,102,0,
2278414,3412886,17334128860917606,102,102,0,
2278414,3412884,1734128840917606,102,102,0,
2278414,3412886,1734128860917606,102,102,0,
2278414,13143096,17431430960917606,102,102,0,
2278414,3143097,17431430970917606,102,102,0,
2278414,3412884,17434128840917606,102,102,0,
2278414,3412886,17434128860917606,102,102,0,
2278414,13143096,17531430960917606,102,102,0,
2278414,3143097,17531430970917606,102,102,0,
2278414,3412884,17534128840917606,102,102,0,
2278414,3412886,17534128860917606,102,102,0,
2278414,3143097,17631430970917606,102,102,0,
2278414,3412884,17634128840917606,102,102,0,
2278414,3412886,17634128860917606,102,102,0,
2278414,3143097,17731430970917606,102,102,0,
2278414,3412884,17734128840917606,102,102,0,
2278414,3412886,17734128860917606,102,102,0,
2278414,3143097,17831430970917606,102,102,0,
2278414,3412884,17834128840917606,102,102,0,
2278414,3412886,17834128860917606,102,102,0,
2278414,3143097,17931430970917606,102,102,0,
2278414,3412884,17934128840917606,102,102,0,
2278414,3412886,17934128860917606,102,102,0,
2278414,3143097,18031430970917606,102,102,0,
2278414,3412884,18034128840917606,102,102,0,
2278414,3412886,18034128860917606,102,102,0,
2278414,3143097,18131430970917606,102,102,0,
2278414,3412884,18134128840917606,102,102,0,
2278414,3412886,18134128860917606,102,102,0,
2278414,3143097,18231430970917606,102,102,0,
2278414,3412884,18234128840917606,102,102,0,
2278414,3412886,18234128860917606,102,102,0,
2278414,3143096,1831430960917606,102,102,0,
2278414,3143097,1831430970917606,102,102,0,
2278414,3143097,18331430970917606,102,102,0,
2278414,3412884,18334128840917606,102,102,0,
2278414,3412886,18334128860917606,102,102,0,
2278414,3412884,1834128840917606,102,102,0,
2278414,3412886,1834128860917606,102,102,0,
2278414,3143097,18431430970917606,102,102,0,
2278414,3412884,18434128840917606,102,102,0,
2278414,3412886,18434128860917606,102,102,0,
2278414,3143097,18531430970917606,102,102,0,
2278414,3412884,18534128840917606,102,102,0,
2278414,3412886,18534128860917606,102,102,0,
2278414,3143097,18631430970917606,102,102,0,
2278414,3412884,18634128840917606,102,102,0,
2278414,3412886,18634128860917606,102,102,0,
2278414,3143097,18731430970917606,102,102,0,
2278414,3412884,18734128840917606,102,102,0,
2278414,3412886,18734128860917606,102,102,0,
2278414,3143097,18831430970917606,102,102,0,
2278414,3412884,18834128840917606,102,102,0,
2278414,3412886,18834128860917606,102,102,0,
2278414,3143097,18931430970917606,102,102,0,
2278414,3412884,18934128840917606,102,102,0,
2278414,3412886,18934128860917606,102,102,0,
2278414,3143097,19031430970917606,102,102,0,
2278414,3412884,19034128840917606,102,102,0,
2278414,3412886,19034128860917606,102,102,0,
2278414,3143097,19131430970917606,102,102,0,
2278414,3412884,19134128840917606,102,102,0,
2278414,3412886,19134128860917606,102,102,0,
2278414,3143097,19231430970917606,102,102,0,
2278414,3412884,19234128840917606,102,102,0,
2278414,3412886,19234128860917606,102,102,0,
2278414,3143096,1931430960917606,102,102,0,
2278414,3143097,1931430970917606,102,102,0,
2278414,3143097,19331430970917606,102,102,0,
2278414,3412884,19334128840917606,102,102,0,
2278414,3412886,19334128860917606,102,102,0,
2278414,3412884,1934128840917606,102,102,0,
2278414,3412886,1934128860917606,102,102,0,
2278414,3143097,19431430970917606,102,102,0,
2278414,3412884,19434128840917606,102,102,0,
2278414,3412886,19434128860917606,102,102,0,
2278414,3143097,19531430970917606,102,102,0,
2278414,3412884,19534128840917606,102,102,0,
2278414,3412886,19534128860917606,102,102,0,
2278414,3143097,19631430970917606,102,102,0,
2278414,3412884,19634128840917606,102,102,0,
2278414,3412886,19634128860917606,102,102,0,
2278414,3143097,19731430970917606,102,102,0,
2278414,3412884,19734128840917606,102,102,0,
2278414,3412886,19734128860917606,102,102,0,
2278414,3143097,19831430970917606,102,102,0,
2278414,3412884,19834128840917606,102,102,0,
2278414,3412886,19834128860917606,102,102,0,
2278414,3143097,19931430970917606,102,102,0,
2278414,3412884,19934128840917606,102,102,0,
2278414,3412886,19934128860917606,102,102,0,
2278414,3143097,20031430970917606,102,102,0,
2278414,3412884,20034128840917606,102,102,0,
2278414,3412886,20034128860917606,102,102,0,
2278414,3143097,20131430970917606,102,102,0,
2278414,3412884,20134128840917606,102,102,0,
2278414,3412886,20134128860917606,102,102,0,
2278414,3143097,20231430970917606,102,102,0,
2278414,3412884,20234128840917606,102,102,0,
2278414,13412886,20234128860917606,102,102,0,
2278414,3143096,2031430960917606,102,102,0,
2278414,3143097,2031430970917606,102,102,0,
2278414,3143097,20331430970917606,102,102,0,
2278414,3412884,20334128840917606,102,102,0,
2278414,13412886,20334128860917606,102,102,0,
2278414,3412884,2034128840917606,102,102,0,
2278414,3412886,2034128860917606,102,102,0,
2278414,3143097,20431430970917606,102,102,0,
2278414,3412884,20434128840917606,102,102,0,
2278414,13412886,20434128860917606,102,102,0,
2278414,3143097,20531430970917606,102,102,0,
2278414,3412884,20534128840917606,102,102,0,
2278414,13412886,20534128860917606,102,102,0,
2278414,3143097,20631430970917606,102,102,0,
2278414,3412884,20634128840917606,102,102,0,
2278414,13412886,20634128860917606,102,102,0,
2278414,3143097,20731430970917606,102,102,0,
2278414,3412884,20734128840917606,102,102,0,
2278414,13412886,20734128860917606,102,102,0,
2278414,3143097,20831430970917606,102,102,0,
2278414,3412884,20834128840917606,102,102,0,
2278414,13412886,20834128860917606,102,102,0,
2278414,3143097,20931430970917606,102,102,0,
2278414,3412884,20934128840917606,102,102,0,
2278414,13412886,20934128860917606,102,102,0,
2278414,3143097,21031430970917606,102,102,0,
2278414,3412884,21034128840917606,102,102,0,
2278414,3143097,21131430970917606,102,102,0,
2278414,3412884,21134128840917606,102,102,0,
2278414,3143097,21231430970917606,102,102,0,
2278414,3412884,21234128840917606,102,102,0,
2278414,3143096,2131430960917606,102,102,0,
2278414,3143097,2131430970917606,102,102,0,
2278414,3143097,21331430970917606,102,102,0,
2278414,3412884,21334128840917606,102,102,0,
2278414,3412884,2134128840917606,102,102,0,
2278414,3412886,2134128860917606,102,102,0,
2278414,3143097,21431430970917606,102,102,0,
2278414,3412884,21434128840917606,102,102,0,
2278414,3143097,21531430970917606,102,102,0,
2278414,3412884,21534128840917606,102,102,0,
2278414,3143097,21631430970917606,102,102,0,
2278414,3412884,21634128840917606,102,102,0,
2278414,3143097,21731430970917606,102,102,0,
2278414,3412884,21734128840917606,102,102,0,
2278414,3143097,21831430970917606,102,102,0,
2278414,3412884,21834128840917606,102,102,0,
2278414,3143097,21931430970917606,102,102,0,
2278414,3412884,21934128840917606,102,102,0,
2278414,3143097,22031430970917606,102,102,0,
2278414,3412884,22034128840917606,102,102,0,
2278414,3143097,22131430970917606,102,102,0,
2278414,3412884,22134128840917606,102,102,0,
2278414,3143097,22231430970917606,102,102,0,
2278414,3412884,22234128840917606,102,102,0,
2278414,3143096,2231430960917606,102,102,0,
2278414,3143097,2231430970917606,102,102,0,
2278414,3143097,22331430970917606,102,102,0,
2278414,3412884,22334128840917606,102,102,0,
2278414,3412884,2234128840917606,102,102,0,
2278414,3412886,2234128860917606,102,102,0,
2278414,3143097,22431430970917606,102,102,0,
2278414,3412884,22434128840917606,102,102,0,
2278414,3143097,22531430970917606,102,102,0,
2278414,3412884,22534128840917606,102,102,0,
2278414,3143097,22631430970917606,102,102,0,
2278414,3412884,22634128840917606,102,102,0,
2278414,3143097,22731430970917606,102,102,0,
2278414,3412884,22734128840917606,102,102,0,
2278414,3143097,22831430970917606,102,102,0,
2278414,3412884,22834128840917606,102,102,0,
2278414,3143097,22931430970917606,102,102,0,
2278414,3412884,22934128840917606,102,102,0,
2278414,3143097,23031430970917606,102,102,0,
2278414,3412884,23034128840917606,102,102,0,
2278414,3143097,23131430970917606,102,102,0,
2278414,3412884,23134128840917606,102,102,0,
2278414,3143096,231430960917606,102,102,0,
2278414,3143097,231430970917606,102,102,0,
2278414,3143097,23231430970917606,102,102,0,
2278414,3412884,23234128840917606,102,102,0,
2278414,3143096,2331430960917606,102,102,0,
2278414,3143097,2331430970917606,102,102,0,
2278414,3143097,23331430970917606,102,102,0,
2278414,3412884,23334128840917606,102,102,0,
2278414,3412884,2334128840917606,102,102,0,
2278414,3412886,2334128860917606,102,102,0,
2278414,3412884,234128840917606,102,102,0,
2278414,3412886,234128860917606,102,102,0,
2278414,3143097,23431430970917606,102,102,0,
2278414,3412884,23434128840917606,102,102,0,
2278414,3143097,23531430970917606,102,102,0,
2278414,3412884,23534128840917606,102,102,0,
2278414,3143097,23631430970917606,102,102,0,
2278414,3412884,23634128840917606,102,102,0,
2278414,3143097,23731430970917606,102,102,0,
2278414,3412884,23734128840917606,102,102,0,
2278414,3143097,23831430970917606,102,102,0,
2278414,3412884,23834128840917606,102,102,0,
2278414,3143097,23931430970917606,102,102,0,
2278414,3412884,23934128840917606,102,102,0,
2278414,3143097,24031430970917606,102,102,0,
2278414,3412884,24034128840917606,102,102,0,
2278414,13143097,24131430970917606,102,102,0,
2278414,3412884,24134128840917606,102,102,0,
2278414,13143097,24231430970917606,102,102,0,
2278414,3412884,24234128840917606,102,102,0,
2278414,3143096,2431430960917606,102,102,0,
2278414,3143097,2431430970917606,102,102,0,
2278414,13143097,24331430970917606,102,102,0,
2278414,3412884,24334128840917606,102,102,0,
2278414,3412884,2434128840917606,102,102,0,
2278414,3412886,2434128860917606,102,102,0,
2278414,13143097,24431430970917606,102,102,0,
2278414,3412884,24434128840917606,102,102,0,
2278414,3412884,24534128840917606,102,102,0,
2278414,3412884,24634128840917606,102,102,0,
2278414,3412884,24734128840917606,102,102,0,
2278414,3412884,24834128840917606,102,102,0,
2278414,3412884,24934128840917606,102,102,0,
2278414,3412884,25034128840917606,102,102,0,
2278414,3412884,25134128840917606,102,102,0,
2278414,3412884,25234128840917606,102,102,0,
2278414,3143096,2531430960917606,102,102,0,
2278414,3143097,2531430970917606,102,102,0,
2278414,3412884,25334128840917606,102,102,0,
2278414,3412884,2534128840917606,102,102,0,
2278414,3412886,2534128860917606,102,102,0,
2278414,3412884,25434128840917606,102,102,0,
2278414,3412884,25534128840917606,102,102,0,
2278414,3412884,25634128840917606,102,102,0,
2278414,3412884,25734128840917606,102,102,0,
2278414,3412884,25834128840917606,102,102,0,
2278414,3412884,25934128840917606,102,102,0,
2278414,3412884,26034128840917606,102,102,0,
2278414,3412884,26134128840917606,102,102,0,
2278414,3412884,26234128840917606,102,102,0,
2278414,3143096,2631430960917606,102,102,0,
2278414,3143097,2631430970917606,102,102,0,
2278414,3412884,26334128840917606,102,102,0,
2278414,3412884,2634128840917606,102,102,0,
2278414,3412886,2634128860917606,102,102,0,
2278414,3412884,26434128840917606,102,102,0,
2278414,3412884,26534128840917606,102,102,0,
2278414,3412884,26634128840917606,102,102,0,
2278414,3412884,26734128840917606,102,102,0,
2278414,3412884,26834128840917606,102,102,0,
2278414,3412884,26934128840917606,102,102,0,
2278414,3412884,27034128840917606,102,102,0,
2278414,13412884,27134128840917606,102,102,0,
2278414,13412884,27234128840917606,102,102,0,
2278414,3143096,2731430960917606,102,102,0,
2278414,3143097,2731430970917606,102,102,0,
2278414,13412884,27334128840917606,102,102,0,
2278414,3412884,2734128840917606,102,102,0,
2278414,3412886,2734128860917606,102,102,0,
2278414,13412884,27434128840917606,102,102,0,
2278414,13412884,27534128840917606,102,102,0,
2278414,13412884,27634128840917606,102,102,0,
2278414,13412884,27734128840917606,102,102,0,
2278414,13412884,27834128840917606,102,102,0,
2278414,3143096,2831430960917606,102,102,0,
2278414,3143097,2831430970917606,102,102,0,
2278414,3412884,2834128840917606,102,102,0,
2278414,3412886,2834128860917606,102,102,0,
2278414,3143096,2931430960917606,102,102,0,
2278414,3143097,2931430970917606,102,102,0,
2278414,3412884,2934128840917606,102,102,0,
2278414,3412886,2934128860917606,102,102,0,
2278414,3143096,3031430960917606,102,102,0,
2278414,3143097,3031430970917606,102,102,0,
2278414,3412884,3034128840917606,102,102,0,
2278414,3412886,3034128860917606,102,102,0,
2278414,3143096,3131430960917606,102,102,0,
2278414,3143097,3131430970917606,102,102,0,
2278414,3412884,3134128840917606,102,102,0,
2278414,3412886,3134128860917606,102,102,0,
2278414,3143096,3231430960917606,102,102,0,
2278414,3143097,3231430970917606,102,102,0,
2278414,3412884,3234128840917606,102,102,0,
2278414,3412886,3234128860917606,102,102,0,
2278414,3143096,331430960917606,102,102,0,
2278414,3143097,331430970917606,102,102,0,
2278414,3143096,3331430960917606,102,102,0,
2278414,3143097,3331430970917606,102,102,0,
2278414,3412884,3334128840917606,102,102,0,
2278414,3412886,3334128860917606,102,102,0,
2278414,3412884,334128840917606,102,102,0,
2278414,3412886,334128860917606,102,102,0,
2278414,3143096,3431430960917606,102,102,0,
2278414,3143097,3431430970917606,102,102,0,
2278414,3412884,3434128840917606,102,102,0,
2278414,3412886,3434128860917606,102,102,0,
2278414,3143096,3531430960917606,102,102,0,
2278414,3143097,3531430970917606,102,102,0,
2278414,3412884,3534128840917606,102,102,0,
2278414,3412886,3534128860917606,102,102,0,
2278414,3143096,3631430960917606,102,102,0,
2278414,3143097,3631430970917606,102,102,0,
2278414,3412884,3634128840917606,102,102,0,
2278414,3412886,3634128860917606,102,102,0,
2278414,3143096,3731430960917606,102,102,0,
2278414,3143097,3731430970917606,102,102,0,
2278414,3412884,3734128840917606,102,102,0,
2278414,3412886,3734128860917606,102,102,0,
2278414,3143096,3831430960917606,102,102,0,
2278414,3143097,3831430970917606,102,102,0,
2278414,3412884,3834128840917606,102,102,0,
2278414,3412886,3834128860917606,102,102,0,
2278414,3143096,3931430960917606,102,102,0,
2278414,3143097,3931430970917606,102,102,0,
2278414,3412884,3934128840917606,102,102,0,
2278414,3412886,3934128860917606,102,102,0,
2278414,3143096,4031430960917606,102,102,0,
2278414,3143097,4031430970917606,102,102,0,
2278414,3412884,4034128840917606,102,102,0,
2278414,3412886,4034128860917606,102,102,0,
2278414,3143096,4131430960917606,102,102,0,
2278414,3143097,4131430970917606,102,102,0,
2278414,3412884,4134128840917606,102,102,0,
2278414,3412886,4134128860917606,102,102,0,
2278414,3143096,4231430960917606,102,102,0,
2278414,3143097,4231430970917606,102,102,0,
2278414,3412884,4234128840917606,102,102,0,
2278414,3412886,4234128860917606,102,102,0,
2278414,3143096,431430960917606,102,102,0,
2278414,3143097,431430970917606,102,102,0,
2278414,3143096,4331430960917606,102,102,0,
2278414,3143097,4331430970917606,102,102,0,
2278414,3412884,4334128840917606,102,102,0,
2278414,3412886,4334128860917606,102,102,0,
2278414,3412884,434128840917606,102,102,0,
2278414,3412886,434128860917606,102,102,0,
2278414,3143096,4431430960917606,102,102,0,
2278414,3143097,4431430970917606,102,102,0,
2278414,3412884,4434128840917606,102,102,0,
2278414,3412886,4434128860917606,102,102,0,
2278414,3143096,4531430960917606,102,102,0,
2278414,3143097,4531430970917606,102,102,0,
2278414,3412884,4534128840917606,102,102,0,
2278414,3412886,4534128860917606,102,102,0,
2278414,3143096,4631430960917606,102,102,0,
2278414,3143097,4631430970917606,102,102,0,
2278414,3412884,4634128840917606,102,102,0,
2278414,3412886,4634128860917606,102,102,0,
2278414,3143096,4731430960917606,102,102,0,
2278414,3143097,4731430970917606,102,102,0,
2278414,3412884,4734128840917606,102,102,0,
2278414,3412886,4734128860917606,102,102,0,
2278414,3143096,4831430960917606,102,102,0,
2278414,3143097,4831430970917606,102,102,0,
2278414,3412884,4834128840917606,102,102,0,
2278414,3412886,4834128860917606,102,102,0,
2278414,3143096,4931430960917606,102,102,0,
2278414,3143097,4931430970917606,102,102,0,
2278414,3412884,4934128840917606,102,102,0,
2278414,3412886,4934128860917606,102,102,0,
2278414,3143096,5031430960917606,102,102,0,
2278414,3143097,5031430970917606,102,102,0,
2278414,3412884,5034128840917606,102,102,0,
2278414,3412886,5034128860917606,102,102,0,
2278414,3143096,5131430960917606,102,102,0,
2278414,3143097,5131430970917606,102,102,0,
2278414,3412884,5134128840917606,102,102,0,
2278414,3412886,5134128860917606,102,102,0,
2278414,3143096,5231430960917606,102,102,0,
2278414,3143097,5231430970917606,102,102,0,
2278414,3412884,5234128840917606,102,102,0,
2278414,3412886,5234128860917606,102,102,0,
2278414,3143096,531430960917606,102,102,0,
2278414,3143097,531430970917606,102,102,0,
2278414,3143096,5331430960917606,102,102,0,
2278414,3143097,5331430970917606,102,102,0,
2278414,3412884,5334128840917606,102,102,0,
2278414,3412886,5334128860917606,102,102,0,
2278414,3412884,534128840917606,102,102,0,
2278414,3412886,534128860917606,102,102,0,
2278414,3143096,5431430960917606,102,102,0,
2278414,3143097,5431430970917606,102,102,0,
2278414,3412884,5434128840917606,102,102,0,
2278414,3412886,5434128860917606,102,102,0,
2278414,3143096,5531430960917606,102,102,0,
2278414,3143097,5531430970917606,102,102,0,
2278414,3412884,5534128840917606,102,102,0,
2278414,3412886,5534128860917606,102,102,0,
2278414,3143096,5631430960917606,102,102,0,
2278414,3143097,5631430970917606,102,102,0,
2278414,3412884,5634128840917606,102,102,0,
2278414,3412886,5634128860917606,102,102,0,
2278414,3143096,5731430960917606,102,102,0,
2278414,3143097,5731430970917606,102,102,0,
2278414,3412884,5734128840917606,102,102,0,
2278414,3412886,5734128860917606,102,102,0,
2278414,3143096,5831430960917606,102,102,0,
2278414,3143097,5831430970917606,102,102,0,
2278414,3412884,5834128840917606,102,102,0,
2278414,3412886,5834128860917606,102,102,0,
2278414,3143096,5931430960917606,102,102,0,
2278414,3143097,5931430970917606,102,102,0,
2278414,3412884,5934128840917606,102,102,0,
2278414,3412886,5934128860917606,102,102,0,
2278414,3143096,6031430960917606,102,102,0,
2278414,3143097,6031430970917606,102,102,0,
2278414,3412884,6034128840917606,102,102,0,
2278414,3412886,6034128860917606,102,102,0,
2278414,3143096,6131430960917606,102,102,0,
2278414,3143097,6131430970917606,102,102,0,
2278414,3412884,6134128840917606,102,102,0,
2278414,3412886,6134128860917606,102,102,0,
2278414,3143096,6231430960917606,102,102,0,
2278414,3143097,6231430970917606,102,102,0,
2278414,3412884,6234128840917606,102,102,0,
2278414,3412886,6234128860917606,102,102,0,
2278414,3143096,631430960917606,102,102,0,
2278414,3143097,631430970917606,102,102,0,
2278414,3143096,6331430960917606,102,102,0,
2278414,3143097,6331430970917606,102,102,0,
2278414,3412884,6334128840917606,102,102,0,
2278414,3412886,6334128860917606,102,102,0,
2278414,3412884,634128840917606,102,102,0,
2278414,3412886,634128860917606,102,102,0,
2278414,3143096,6431430960917606,102,102,0,
2278414,3143097,6431430970917606,102,102,0,
2278414,3412884,6434128840917606,102,102,0,
2278414,3412886,6434128860917606,102,102,0,
2278414,3143096,6531430960917606,102,102,0,
2278414,3143097,6531430970917606,102,102,0,
2278414,3412884,6534128840917606,102,102,0,
2278414,3412886,6534128860917606,102,102,0,
2278414,3143096,6631430960917606,102,102,0,
2278414,3143097,6631430970917606,102,102,0,
2278414,3412884,6634128840917606,102,102,0,
2278414,3412886,6634128860917606,102,102,0,
2278414,3143096,6731430960917606,102,102,0,
2278414,3143097,6731430970917606,102,102,0,
2278414,3412884,6734128840917606,102,102,0,
2278414,3412886,6734128860917606,102,102,0,
2278414,3143096,6831430960917606,102,102,0,
2278414,3143097,6831430970917606,102,102,0,
2278414,3412884,6834128840917606,102,102,0,
2278414,3412886,6834128860917606,102,102,0,
2278414,3143096,6931430960917606,102,102,0,
2278414,3143097,6931430970917606,102,102,0,
2278414,3412884,6934128840917606,102,102,0,
2278414,3412886,6934128860917606,102,102,0,
2278414,3143096,7031430960917606,102,102,0,
2278414,3143097,7031430970917606,102,102,0,
2278414,3412884,7034128840917606,102,102,0,
2278414,3412886,7034128860917606,102,102,0,
2278414,3143096,7131430960917606,102,102,0,
2278414,3143097,7131430970917606,102,102,0,
2278414,3412884,7134128840917606,102,102,0,
2278414,3412886,7134128860917606,102,102,0,
2278414,3143096,7231430960917606,102,102,0,
2278414,3143097,7231430970917606,102,102,0,
2278414,3412884,7234128840917606,102,102,0,
2278414,3412886,7234128860917606,102,102,0,
2278414,3143096,731430960917606,102,102,0,
2278414,3143097,731430970917606,102,102,0,
2278414,3143096,7331430960917606,102,102,0,
2278414,3143097,7331430970917606,102,102,0,
2278414,3412884,7334128840917606,102,102,0,
2278414,3412886,7334128860917606,102,102,0,
2278414,3412884,734128840917606,102,102,0,
2278414,3412886,734128860917606,102,102,0,
2278414,3143096,7431430960917606,102,102,0,
2278414,3143097,7431430970917606,102,102,0,
2278414,3412884,7434128840917606,102,102,0,
2278414,3412886,7434128860917606,102,102,0,
2278414,3143096,7531430960917606,102,102,0,
2278414,3143097,7531430970917606,102,102,0,
2278414,3412884,7534128840917606,102,102,0,
2278414,3412886,7534128860917606,102,102,0,
2278414,3143096,7631430960917606,102,102,0,
2278414,3143097,7631430970917606,102,102,0,
2278414,3412884,7634128840917606,102,102,0,
2278414,3412886,7634128860917606,102,102,0,
2278414,3143096,7731430960917606,102,102,0,
2278414,3143097,7731430970917606,102,102,0,
2278414,3412884,7734128840917606,102,102,0,
2278414,3412886,7734128860917606,102,102,0,
2278414,3143096,7831430960917606,102,102,0,
2278414,3143097,7831430970917606,102,102,0,
2278414,3412884,7834128840917606,102,102,0,
2278414,3412886,7834128860917606,102,102,0,
2278414,3143096,7931430960917606,102,102,0,
2278414,3143097,7931430970917606,102,102,0,
2278414,3412884,7934128840917606,102,102,0,
2278414,3412886,7934128860917606,102,102,0,
2278414,3143096,8031430960917606,102,102,0,
2278414,3143097,8031430970917606,102,102,0,
2278414,3412884,8034128840917606,102,102,0,
2278414,3412886,8034128860917606,102,102,0,
2278414,3143096,8131430960917606,102,102,0,
2278414,3143097,8131430970917606,102,102,0,
2278414,3412884,8134128840917606,102,102,0,
2278414,3412886,8134128860917606,102,102,0,
2278414,3143096,8231430960917606,102,102,0,
2278414,3143097,8231430970917606,102,102,0,
2278414,3412884,8234128840917606,102,102,0,
2278414,3412886,8234128860917606,102,102,0,
2278414,3143096,831430960917606,102,102,0,
2278414,3143097,831430970917606,102,102,0,
2278414,3143096,8331430960917606,102,102,0,
2278414,3143097,8331430970917606,102,102,0,
2278414,3412884,8334128840917606,102,102,0,
2278414,3412886,8334128860917606,102,102,0,
2278414,3412884,834128840917606,102,102,0,
2278414,3412886,834128860917606,102,102,0,
2278414,3143096,8431430960917606,102,102,0,
2278414,3143097,8431430970917606,102,102,0,
2278414,3412884,8434128840917606,102,102,0,
2278414,3412886,8434128860917606,102,102,0,
2278414,3143096,8531430960917606,102,102,0,
2278414,3143097,8531430970917606,102,102,0,
2278414,3412884,8534128840917606,102,102,0,
2278414,3412886,8534128860917606,102,102,0,
2278414,3143096,8631430960917606,102,102,0,
2278414,3143097,8631430970917606,102,102,0,
2278414,3412884,8634128840917606,102,102,0,
2278414,3412886,8634128860917606,102,102,0,
2278414,3143096,8731430960917606,102,102,0,
2278414,3143097,8731430970917606,102,102,0,
2278414,3412884,8734128840917606,102,102,0,
2278414,3412886,8734128860917606,102,102,0,
2278414,3143096,8831430960917606,102,102,0,
2278414,3143097,8831430970917606,102,102,0,
2278414,3412884,8834128840917606,102,102,0,
2278414,3412886,8834128860917606,102,102,0,
2278414,3143096,8931430960917606,102,102,0,
2278414,3143097,8931430970917606,102,102,0,
2278414,3412884,8934128840917606,102,102,0,
2278414,3412886,8934128860917606,102,102,0,
2278414,3143096,9031430960917606,102,102,0,
2278414,3143097,9031430970917606,102,102,0,
2278414,3412884,9034128840917606,102,102,0,
2278414,3412886,9034128860917606,102,102,0,
2278414,3143096,9131430960917606,102,102,0,
2278414,3143097,9131430970917606,102,102,0,
2278414,3412884,9134128840917606,102,102,0,
2278414,3412886,9134128860917606,102,102,0,
2278414,3143096,9231430960917606,102,102,0,
2278414,3143097,9231430970917606,102,102,0,
2278414,3412884,9234128840917606,102,102,0,
2278414,3412886,9234128860917606,102,102,0,
2278414,3143096,931430960917606,102,102,0,
2278414,3143097,931430970917606,102,102,0,
2278414,3143096,9331430960917606,102,102,0,
2278414,3143097,9331430970917606,102,102,0,
2278414,3412884,9334128840917606,102,102,0,
2278414,3412886,9334128860917606,102,102,0,
2278414,3412884,934128840917606,102,102,0,
2278414,3412886,934128860917606,102,102,0,
2278414,3143096,9431430960917606,102,102,0,
2278414,3143097,9431430970917606,102,102,0,
2278414,3412884,9434128840917606,102,102,0,
2278414,3412886,9434128860917606,102,102,0,
2278414,3143096,9531430960917606,102,102,0,
2278414,3143097,9531430970917606,102,102,0,
2278414,3412884,9534128840917606,102,102,0,
2278414,3412886,9534128860917606,102,102,0,
2278414,3143096,9631430960917606,102,102,0,
2278414,3143097,9631430970917606,102,102,0,
2278414,3412884,9634128840917606,102,102,0,
2278414,3412886,9634128860917606,102,102,0,
2278414,3143096,9731430960917606,102,102,0,
2278414,3143097,9731430970917606,102,102,0,
2278414,3412884,9734128840917606,102,102,0,
2278414,3412886,9734128860917606,102,102,0,
2278414,3143096,9831430960917606,102,102,0,
2278414,3143097,9831430970917606,102,102,0,
2278414,3412884,9834128840917606,102,102,0,
2278414,3412886,9834128860917606,102,102,0,
2278414,3143096,9931430960917606,102,102,0,
2278414,3143097,9931430970917606,102,102,0,
2278414,3412884,9934128840917606,102,102,0,
2278414,3412886,9934128860917606,102,102,0,
2278415,1132941,1011329410306172,104,104,0,
2278415,1132941,1111329410306172,104,104,0,
2278415,1132941,111329410306172,104,104,0,
2278415,2773381,127733810306172,104,104,0,
2278415,1132941,211329410306172,104,104,0,
2278415,1132941,311329410306172,104,104,0,
2278415,1132941,411329410306172,104,104,0,
2278415,1132941,511329410306172,104,104,0,
2278415,1132941,611329410306172,104,104,0,
2278415,1132941,711329410306172,104,104,0,
2278415,1132941,811329410306172,104,104,0,
2278415,1132941,911329410306172,104,104,0,
2278416,3143096,10031430960296022,201,201,1,
2278416,3143097,10031430970296022,201,201,1,
2278416,3412884,10034128840296022,201,201,1,
2278416,3412886,10034128860296022,201,201,1,
2278416,3143096,10131430960296022,201,201,1,
2278416,3143097,10131430970296022,201,201,1,
2278416,3412884,10134128840296022,201,201,1,
2278416,3412886,10134128860296022,201,201,1,
2278416,3143096,10231430960296022,201,201,1,
2278416,3143097,10231430970296022,201,201,1,
2278416,3412884,10234128840296022,201,201,1,
2278416,3412886,10234128860296022,201,201,1,
2278416,3143096,1031430960296022,201,201,1,
2278416,3143097,1031430970296022,201,201,1,
2278416,3143096,10331430960296022,201,201,1,
2278416,3143097,10331430970296022,201,201,1,
2278416,3412884,10334128840296022,201,201,1,
2278416,3412886,10334128860296022,201,201,1,
2278416,3412884,1034128840296022,201,201,1,
2278416,3412886,1034128860296022,201,201,1,
2278416,3143096,10431430960296022,201,201,1,
2278416,3143097,10431430970296022,201,201,1,
2278416,3412884,10434128840296022,201,201,1,
2278416,3412886,10434128860296022,201,201,1,
2278416,3143096,10531430960296022,201,201,1,
2278416,3143097,10531430970296022,201,201,1,
2278416,3412884,10534128840296022,201,201,1,
2278416,3412886,10534128860296022,201,201,1,
2278416,3143096,10631430960296022,201,201,1,
2278416,3143097,10631430970296022,201,201,1,
2278416,3412884,10634128840296022,201,201,1,
2278416,3412886,10634128860296022,201,201,1,
2278416,3143096,10731430960296022,201,201,1,
2278416,3143097,10731430970296022,201,201,1,
2278416,3412884,10734128840296022,201,201,1,
2278416,3412886,10734128860296022,201,201,1,
2278416,3143096,10831430960296022,201,201,1,
2278416,3143097,10831430970296022,201,201,1,
2278416,3412884,10834128840296022,201,201,1,
2278416,3412886,10834128860296022,201,201,1,
2278416,3143096,10931430960296022,201,201,1,
2278416,3143097,10931430970296022,201,201,1,
2278416,3412884,10934128840296022,201,201,1,
2278416,3412886,10934128860296022,201,201,1,
2278416,3143096,11031430960296022,201,201,1,
2278416,3143097,11031430970296022,201,201,1,
2278416,3412884,11034128840296022,201,201,1,
2278416,3412886,11034128860296022,201,201,1,
2278416,3143096,11131430960296022,201,201,1,
2278416,3143097,11131430970296022,201,201,1,
2278416,3412884,11134128840296022,201,201,1,
2278416,3412886,11134128860296022,201,201,1,
2278416,3143096,11231430960296022,201,201,1,
2278416,3143097,11231430970296022,201,201,1,
2278416,3412884,11234128840296022,201,201,1,
2278416,3412886,11234128860296022,201,201,1,
2278416,3143096,1131430960296022,201,201,1,
2278416,3143097,1131430970296022,201,201,1,
2278416,3143096,11331430960296022,201,201,1,
2278416,3143097,11331430970296022,201,201,1,
2278416,3412884,11334128840296022,201,201,1,
2278416,3412886,11334128860296022,201,201,1,
2278416,3412884,1134128840296022,201,201,1,
2278416,3412886,1134128860296022,201,201,1,
2278416,3143096,11431430960296022,201,201,1,
2278416,3143097,11431430970296022,201,201,1,
2278416,3412884,11434128840296022,201,201,1,
2278416,3412886,11434128860296022,201,201,1,
2278416,3143096,11531430960296022,201,201,1,
2278416,3143097,11531430970296022,201,201,1,
2278416,3412884,11534128840296022,201,201,1,
2278416,3412886,11534128860296022,201,201,1,
2278416,3143096,11631430960296022,201,201,1,
2278416,3143097,11631430970296022,201,201,1,
2278416,3412884,11634128840296022,201,201,1,
2278416,3412886,11634128860296022,201,201,1,
2278416,3143096,11731430960296022,201,201,1,
2278416,3143097,11731430970296022,201,201,1,
2278416,3412884,11734128840296022,201,201,1,
2278416,3412886,11734128860296022,201,201,1,
2278416,3143096,11831430960296022,201,201,1,
2278416,3143097,11831430970296022,201,201,1,
2278416,3412884,11834128840296022,201,201,1,
2278416,3412886,11834128860296022,201,201,1,
2278416,3143096,11931430960296022,201,201,1,
2278416,3143097,11931430970296022,201,201,1,
2278416,3412884,11934128840296022,201,201,1,
2278416,3412886,11934128860296022,201,201,1,
2278416,3143096,12031430960296022,201,201,1,
2278416,3143097,12031430970296022,201,201,1,
2278416,3412884,12034128840296022,201,201,1,
2278416,3412886,12034128860296022,201,201,1,
2278416,3143096,12131430960296022,201,201,1,
2278416,3143097,12131430970296022,201,201,1,
2278416,3412884,12134128840296022,201,201,1,
2278416,3412886,12134128860296022,201,201,1,
2278416,3143096,12231430960296022,201,201,1,
2278416,3143097,12231430970296022,201,201,1,
2278416,3412884,12234128840296022,201,201,1,
2278416,3412886,12234128860296022,201,201,1,
2278416,3143096,1231430960296022,201,201,1,
2278416,3143097,1231430970296022,201,201,1,
2278416,3143096,12331430960296022,201,201,1,
2278416,3143097,12331430970296022,201,201,1,
2278416,3412884,12334128840296022,201,201,1,
2278416,3412886,12334128860296022,201,201,1,
2278416,3412884,1234128840296022,201,201,1,
2278416,3412886,1234128860296022,201,201,1,
2278416,3143096,12431430960296022,201,201,1,
2278416,3143097,12431430970296022,201,201,1,
2278416,3412884,12434128840296022,201,201,1,
2278416,3412886,12434128860296022,201,201,1,
2278416,3143096,12531430960296022,201,201,1,
2278416,3143097,12531430970296022,201,201,1,
2278416,3412884,12534128840296022,201,201,1,
2278416,3412886,12534128860296022,201,201,1,
2278416,3143096,12631430960296022,201,201,1,
2278416,3143097,12631430970296022,201,201,1,
2278416,3412884,12634128840296022,201,201,1,
2278416,3412886,12634128860296022,201,201,1,
2278416,3143096,12731430960296022,201,201,1,
2278416,3143097,12731430970296022,201,201,1,
2278416,3412884,12734128840296022,201,201,1,
2278416,3412886,12734128860296022,201,201,1,
2278416,3143096,12831430960296022,201,201,1,
2278416,3143097,12831430970296022,201,201,1,
2278416,3412884,12834128840296022,201,201,1,
2278416,3412886,12834128860296022,201,201,1,
2278416,3143096,12931430960296022,201,201,1,
2278416,3143097,12931430970296022,201,201,1,
2278416,3412884,12934128840296022,201,201,1,
2278416,3412886,12934128860296022,201,201,1,
2278416,3143096,13031430960296022,201,201,1,
2278416,3143097,13031430970296022,201,201,1,
2278416,3412884,13034128840296022,201,201,1,
2278416,3412886,13034128860296022,201,201,1,
2278416,3143096,13131430960296022,201,201,1,
2278416,3143097,13131430970296022,201,201,1,
2278416,3412884,13134128840296022,201,201,1,
2278416,3412886,13134128860296022,201,201,1,
2278416,3143096,131430960296022,201,201,1,
2278416,3143097,131430970296022,201,201,1,
2278416,3143096,13231430960296022,201,201,1,
2278416,3143097,13231430970296022,201,201,1,
2278416,3412884,13234128840296022,201,201,1,
2278416,3412886,13234128860296022,201,201,1,
2278416,3143096,1331430960296022,201,201,1,
2278416,3143097,1331430970296022,201,201,1,
2278416,3143096,13331430960296022,201,201,1,
2278416,3143097,13331430970296022,201,201,1,
2278416,3412884,13334128840296022,201,201,1,
2278416,3412886,13334128860296022,201,201,1,
2278416,3412884,1334128840296022,201,201,1,
2278416,3412886,1334128860296022,201,201,1,
2278416,3412884,134128840296022,201,201,1,
2278416,3412886,134128860296022,201,201,1,
2278416,3143096,13431430960296022,201,201,1,
2278416,3143097,13431430970296022,201,201,1,
2278416,3412884,13434128840296022,201,201,1,
2278416,3412886,13434128860296022,201,201,1,
2278416,3143096,13531430960296022,201,201,1,
2278416,3143097,13531430970296022,201,201,1,
2278416,3412884,13534128840296022,201,201,1,
2278416,3412886,13534128860296022,201,201,1,
2278416,3143096,13631430960296022,201,201,1,
2278416,3143097,13631430970296022,201,201,1,
2278416,3412884,13634128840296022,201,201,1,
2278416,3412886,13634128860296022,201,201,1,
2278416,3143096,13731430960296022,201,201,1,
2278416,3143097,13731430970296022,201,201,1,
2278416,3412884,13734128840296022,201,201,1,
2278416,3412886,13734128860296022,201,201,1,
2278416,3143096,13831430960296022,201,201,1,
2278416,3143097,13831430970296022,201,201,1,
2278416,3412884,13834128840296022,201,201,1,
2278416,3412886,13834128860296022,201,201,1,
2278416,3143096,13931430960296022,201,201,1,
2278416,3143097,13931430970296022,201,201,1,
2278416,3412884,13934128840296022,201,201,1,
2278416,3412886,13934128860296022,201,201,1,
2278416,3143096,14031430960296022,201,201,1,
2278416,3143097,14031430970296022,201,201,1,
2278416,3412884,14034128840296022,201,201,1,
2278416,3412886,14034128860296022,201,201,1,
2278416,3143096,14131430960296022,201,201,1,
2278416,3143097,14131430970296022,201,201,1,
2278416,3412884,14134128840296022,201,201,1,
2278416,3412886,14134128860296022,201,201,1,
2278416,3143096,14231430960296022,201,201,1,
2278416,3143097,14231430970296022,201,201,1,
2278416,3412884,14234128840296022,201,201,1,
2278416,3412886,14234128860296022,201,201,1,
2278416,3143096,1431430960296022,201,201,1,
2278416,3143097,1431430970296022,201,201,1,
2278416,3143096,14331430960296022,201,201,1,
2278416,3143097,14331430970296022,201,201,1,
2278416,3412884,14334128840296022,201,201,1,
2278416,3412886,14334128860296022,201,201,1,
2278416,3412884,1434128840296022,201,201,1,
2278416,3412886,1434128860296022,201,201,1,
2278416,3143096,14431430960296022,201,201,1,
2278416,3143097,14431430970296022,201,201,1,
2278416,3412884,14434128840296022,201,201,1,
2278416,3412886,14434128860296022,201,201,1,
2278416,3143096,14531430960296022,201,201,1,
2278416,3143097,14531430970296022,201,201,1,
2278416,3412884,14534128840296022,201,201,1,
2278416,3412886,14534128860296022,201,201,1,
2278416,3143096,14631430960296022,201,201,1,
2278416,3143097,14631430970296022,201,201,1,
2278416,3412884,14634128840296022,201,201,1,
2278416,3412886,14634128860296022,201,201,1,
2278416,3143096,14731430960296022,201,201,1,
2278416,3143097,14731430970296022,201,201,1,
2278416,3412884,14734128840296022,201,201,1,
2278416,3412886,14734128860296022,201,201,1,
2278416,3143096,14831430960296022,201,201,1,
2278416,3143097,14831430970296022,201,201,1,
2278416,3412884,14834128840296022,201,201,1,
2278416,3412886,14834128860296022,201,201,1,
2278416,3143096,14931430960296022,201,201,1,
2278416,3143097,14931430970296022,201,201,1,
2278416,3412884,14934128840296022,201,201,1,
2278416,3412886,14934128860296022,201,201,1,
2278416,3143096,15031430960296022,201,201,1,
2278416,3143097,15031430970296022,201,201,1,
2278416,3412884,15034128840296022,201,201,1,
2278416,3412886,15034128860296022,201,201,1,
2278416,3143096,15131430960296022,201,201,1,
2278416,3143097,15131430970296022,201,201,1,
2278416,3412884,15134128840296022,201,201,1,
2278416,3412886,15134128860296022,201,201,1,
2278416,3143096,15231430960296022,201,201,1,
2278416,3143097,15231430970296022,201,201,1,
2278416,3412884,15234128840296022,201,201,1,
2278416,3412886,15234128860296022,201,201,1,
2278416,3143096,1531430960296022,201,201,1,
2278416,3143097,1531430970296022,201,201,1,
2278416,3143096,15331430960296022,201,201,1,
2278416,3143097,15331430970296022,201,201,1,
2278416,3412884,15334128840296022,201,201,1,
2278416,3412886,15334128860296022,201,201,1,
2278416,3412884,1534128840296022,201,201,1,
2278416,3412886,1534128860296022,201,201,1,
2278416,3143096,15431430960296022,201,201,1,
2278416,3143097,15431430970296022,201,201,1,
2278416,3412884,15434128840296022,201,201,1,
2278416,3412886,15434128860296022,201,201,1,
2278416,3143096,15531430960296022,201,201,1,
2278416,3143097,15531430970296022,201,201,1,
2278416,3412884,15534128840296022,201,201,1,
2278416,3412886,15534128860296022,201,201,1,
2278416,3143096,15631430960296022,201,201,1,
2278416,3143097,15631430970296022,201,201,1,
2278416,3412884,15634128840296022,201,201,1,
2278416,3412886,15634128860296022,201,201,1,
2278416,3143096,15731430960296022,201,201,1,
2278416,3143097,15731430970296022,201,201,1,
2278416,3412884,15734128840296022,201,201,1,
2278416,3412886,15734128860296022,201,201,1,
2278416,3143096,15831430960296022,201,201,1,
2278416,3143097,15831430970296022,201,201,1,
2278416,3412884,15834128840296022,201,201,1,
2278416,3412886,15834128860296022,201,201,1,
2278416,3143096,15931430960296022,201,201,1,
2278416,3143097,15931430970296022,201,201,1,
2278416,3412884,15934128840296022,201,201,1,
2278416,3412886,15934128860296022,201,201,1,
2278416,3143096,16031430960296022,201,201,1,
2278416,3143097,16031430970296022,201,201,1,
2278416,3412884,16034128840296022,201,201,1,
2278416,3412886,16034128860296022,201,201,1,
2278416,3143096,16131430960296022,201,201,1,
2278416,3143097,16131430970296022,201,201,1,
2278416,3412884,16134128840296022,201,201,1,
2278416,3412886,16134128860296022,201,201,1,
2278416,3143096,16231430960296022,201,201,1,
2278416,3143097,16231430970296022,201,201,1,
2278416,3412884,16234128840296022,201,201,1,
2278416,3412886,16234128860296022,201,201,1,
2278416,3143096,1631430960296022,201,201,1,
2278416,3143097,1631430970296022,201,201,1,
2278416,3143096,16331430960296022,201,201,1,
2278416,3143097,16331430970296022,201,201,1,
2278416,3412884,16334128840296022,201,201,1,
2278416,3412886,16334128860296022,201,201,1,
2278416,3412884,1634128840296022,201,201,1,
2278416,3412886,1634128860296022,201,201,1,
2278416,3143096,16431430960296022,201,201,1,
2278416,3143097,16431430970296022,201,201,1,
2278416,3412884,16434128840296022,201,201,1,
2278416,3412886,16434128860296022,201,201,1,
2278416,3143096,16531430960296022,201,201,1,
2278416,3143097,16531430970296022,201,201,1,
2278416,3412884,16534128840296022,201,201,1,
2278416,3412886,16534128860296022,201,201,1,
2278416,3143096,16631430960296022,201,201,1,
2278416,3143097,16631430970296022,201,201,1,
2278416,3412884,16634128840296022,201,201,1,
2278416,3412886,16634128860296022,201,201,1,
2278416,3143096,16731430960296022,201,201,1,
2278416,3143097,16731430970296022,201,201,1,
2278416,3412884,16734128840296022,201,201,1,
2278416,3412886,16734128860296022,201,201,1,
2278416,3143096,16831430960296022,201,201,1,
2278416,3143097,16831430970296022,201,201,1,
2278416,3412884,16834128840296022,201,201,1,
2278416,3412886,16834128860296022,201,201,1,
2278416,3143096,16931430960296022,201,201,1,
2278416,3143097,16931430970296022,201,201,1,
2278416,3412884,16934128840296022,201,201,1,
2278416,3412886,16934128860296022,201,201,1,
2278416,3143096,17031430960296022,201,201,1,
2278416,3143097,17031430970296022,201,201,1,
2278416,3412884,17034128840296022,201,201,1,
2278416,3412886,17034128860296022,201,201,1,
2278416,3143096,17131430960296022,201,201,1,
2278416,3143097,17131430970296022,201,201,1,
2278416,3412884,17134128840296022,201,201,1,
2278416,3412886,17134128860296022,201,201,1,
2278416,13143096,17231430960296022,201,201,1,
2278416,3143097,17231430970296022,201,201,1,
2278416,3412884,17234128840296022,201,201,1,
2278416,3412886,17234128860296022,201,201,1,
2278416,3143096,1731430960296022,201,201,1,
2278416,3143097,1731430970296022,201,201,1,
2278416,13143096,17331430960296022,201,201,1,
2278416,3143097,17331430970296022,201,201,1,
2278416,3412884,17334128840296022,201,201,1,
2278416,3412886,17334128860296022,201,201,1,
2278416,3412884,1734128840296022,201,201,1,
2278416,3412886,1734128860296022,201,201,1,
2278416,13143096,17431430960296022,201,201,1,
2278416,3143097,17431430970296022,201,201,1,
2278416,3412884,17434128840296022,201,201,1,
2278416,3412886,17434128860296022,201,201,1,
2278416,13143096,17531430960296022,201,201,1,
2278416,3143097,17531430970296022,201,201,1,
2278416,3412884,17534128840296022,201,201,1,
2278416,3412886,17534128860296022,201,201,1,
2278416,13143096,17631430960296022,201,201,1,
2278416,3143097,17631430970296022,201,201,1,
2278416,3412884,17634128840296022,201,201,1,
2278416,3412886,17634128860296022,201,201,1,
2278416,3143097,17731430970296022,201,201,1,
2278416,3412884,17734128840296022,201,201,1,
2278416,3412886,17734128860296022,201,201,1,
2278416,3143097,17831430970296022,201,201,1,
2278416,3412884,17834128840296022,201,201,1,
2278416,3412886,17834128860296022,201,201,1,
2278416,3143097,17931430970296022,201,201,1,
2278416,3412884,17934128840296022,201,201,1,
2278416,3412886,17934128860296022,201,201,1,
2278416,3143097,18031430970296022,201,201,1,
2278416,3412884,18034128840296022,201,201,1,
2278416,3412886,18034128860296022,201,201,1,
2278416,3143097,18131430970296022,201,201,1,
2278416,3412884,18134128840296022,201,201,1,
2278416,3412886,18134128860296022,201,201,1,
2278416,3143097,18231430970296022,201,201,1,
2278416,3412884,18234128840296022,201,201,1,
2278416,3412886,18234128860296022,201,201,1,
2278416,3143096,1831430960296022,201,201,1,
2278416,3143097,1831430970296022,201,201,1,
2278416,3143097,18331430970296022,201,201,1,
2278416,3412884,18334128840296022,201,201,1,
2278416,3412886,18334128860296022,201,201,1,
2278416,3412884,1834128840296022,201,201,1,
2278416,3412886,1834128860296022,201,201,1,
2278416,3143097,18431430970296022,201,201,1,
2278416,3412884,18434128840296022,201,201,1,
2278416,3412886,18434128860296022,201,201,1,
2278416,3143097,18531430970296022,201,201,1,
2278416,3412884,18534128840296022,201,201,1,
2278416,3412886,18534128860296022,201,201,1,
2278416,3143097,18631430970296022,201,201,1,
2278416,3412884,18634128840296022,201,201,1,
2278416,3412886,18634128860296022,201,201,1,
2278416,3143097,18731430970296022,201,201,1,
2278416,3412884,18734128840296022,201,201,1,
2278416,3412886,18734128860296022,201,201,1,
2278416,3143097,18831430970296022,201,201,1,
2278416,3412884,18834128840296022,201,201,1,
2278416,3412886,18834128860296022,201,201,1,
2278416,3143097,18931430970296022,201,201,1,
2278416,3412884,18934128840296022,201,201,1,
2278416,3412886,18934128860296022,201,201,1,
2278416,3143097,19031430970296022,201,201,1,
2278416,3412884,19034128840296022,201,201,1,
2278416,3412886,19034128860296022,201,201,1,
2278416,3143097,19131430970296022,201,201,1,
2278416,3412884,19134128840296022,201,201,1,
2278416,3412886,19134128860296022,201,201,1,
2278416,3143097,19231430970296022,201,201,1,
2278416,3412884,19234128840296022,201,201,1,
2278416,3412886,19234128860296022,201,201,1,
2278416,3143096,1931430960296022,201,201,1,
2278416,3143097,1931430970296022,201,201,1,
2278416,3143097,19331430970296022,201,201,1,
2278416,3412884,19334128840296022,201,201,1,
2278416,3412886,19334128860296022,201,201,1,
2278416,3412884,1934128840296022,201,201,1,
2278416,3412886,1934128860296022,201,201,1,
2278416,3143097,19431430970296022,201,201,1,
2278416,3412884,19434128840296022,201,201,1,
2278416,3412886,19434128860296022,201,201,1,
2278416,3143097,19531430970296022,201,201,1,
2278416,3412884,19534128840296022,201,201,1,
2278416,3412886,19534128860296022,201,201,1,
2278416,3143097,19631430970296022,201,201,1,
2278416,3412884,19634128840296022,201,201,1,
2278416,3412886,19634128860296022,201,201,1,
2278416,3143097,19731430970296022,201,201,1,
2278416,3412884,19734128840296022,201,201,1,
2278416,3412886,19734128860296022,201,201,1,
2278416,3143097,19831430970296022,201,201,1,
2278416,3412884,19834128840296022,201,201,1,
2278416,3412886,19834128860296022,201,201,1,
2278416,3143097,19931430970296022,201,201,1,
2278416,3412884,19934128840296022,201,201,1,
2278416,3412886,19934128860296022,201,201,1,
2278416,3143097,20031430970296022,201,201,1,
2278416,3412884,20034128840296022,201,201,1,
2278416,3412886,20034128860296022,201,201,1,
2278416,3143097,20131430970296022,201,201,1,
2278416,3412884,20134128840296022,201,201,1,
2278416,3412886,20134128860296022,201,201,1,
2278416,3143097,20231430970296022,201,201,1,
2278416,3412884,20234128840296022,201,201,1,
2278416,13412886,20234128860296022,201,201,1,
2278416,3143096,2031430960296022,201,201,1,
2278416,3143097,2031430970296022,201,201,1,
2278416,3143097,20331430970296022,201,201,1,
2278416,3412884,20334128840296022,201,201,1,
2278416,13412886,20334128860296022,201,201,1,
2278416,3412884,2034128840296022,201,201,1,
2278416,3412886,2034128860296022,201,201,1,
2278416,3143097,20431430970296022,201,201,1,
2278416,3412884,20434128840296022,201,201,1,
2278416,13412886,20434128860296022,201,201,1,
2278416,3143097,20531430970296022,201,201,1,
2278416,3412884,20534128840296022,201,201,1,
2278416,13412886,20534128860296022,201,201,1,
2278416,3143097,20631430970296022,201,201,1,
2278416,3412884,20634128840296022,201,201,1,
2278416,13412886,20634128860296022,201,201,1,
2278416,3143097,20731430970296022,201,201,1,
2278416,3412884,20734128840296022,201,201,1,
2278416,13412886,20734128860296022,201,201,1,
2278416,3143097,20831430970296022,201,201,1,
2278416,3412884,20834128840296022,201,201,1,
2278416,13412886,20834128860296022,201,201,1,
2278416,3143097,20931430970296022,201,201,1,
2278416,3412884,20934128840296022,201,201,1,
2278416,13412886,20934128860296022,201,201,1,
2278416,3143097,21031430970296022,201,201,1,
2278416,3412884,21034128840296022,201,201,1,
2278416,13412886,21034128860296022,201,201,1,
2278416,3143097,21131430970296022,201,201,1,
2278416,3412884,21134128840296022,201,201,1,
2278416,3143097,21231430970296022,201,201,1,
2278416,3412884,21234128840296022,201,201,1,
2278416,3143096,2131430960296022,201,201,1,
2278416,3143097,2131430970296022,201,201,1,
2278416,3143097,21331430970296022,201,201,1,
2278416,3412884,21334128840296022,201,201,1,
2278416,3412884,2134128840296022,201,201,1,
2278416,3412886,2134128860296022,201,201,1,
2278416,3143097,21431430970296022,201,201,1,
2278416,3412884,21434128840296022,201,201,1,
2278416,3143097,21531430970296022,201,201,1,
2278416,3412884,21534128840296022,201,201,1,
2278416,3143097,21631430970296022,201,201,1,
2278416,3412884,21634128840296022,201,201,1,
2278416,3143097,21731430970296022,201,201,1,
2278416,3412884,21734128840296022,201,201,1,
2278416,3143097,21831430970296022,201,201,1,
2278416,3412884,21834128840296022,201,201,1,
2278416,3143097,21931430970296022,201,201,1,
2278416,3412884,21934128840296022,201,201,1,
2278416,3143097,22031430970296022,201,201,1,
2278416,3412884,22034128840296022,201,201,1,
2278416,3143097,22131430970296022,201,201,1,
2278416,3412884,22134128840296022,201,201,1,
2278416,3143097,22231430970296022,201,201,1,
2278416,3412884,22234128840296022,201,201,1,
2278416,3143096,2231430960296022,201,201,1,
2278416,3143097,2231430970296022,201,201,1,
2278416,3143097,22331430970296022,201,201,1,
2278416,3412884,22334128840296022,201,201,1,
2278416,3412884,2234128840296022,201,201,1,
2278416,3412886,2234128860296022,201,201,1,
2278416,3143097,22431430970296022,201,201,1,
2278416,3412884,22434128840296022,201,201,1,
2278416,3143097,22531430970296022,201,201,1,
2278416,3412884,22534128840296022,201,201,1,
2278416,3143097,22631430970296022,201,201,1,
2278416,3412884,22634128840296022,201,201,1,
2278416,3143097,22731430970296022,201,201,1,
2278416,3412884,22734128840296022,201,201,1,
2278416,3143097,22831430970296022,201,201,1,
2278416,3412884,22834128840296022,201,201,1,
2278416,3143097,22931430970296022,201,201,1,
2278416,3412884,22934128840296022,201,201,1,
2278416,3143097,23031430970296022,201,201,1,
2278416,3412884,23034128840296022,201,201,1,
2278416,3143097,23131430970296022,201,201,1,
2278416,3412884,23134128840296022,201,201,1,
2278416,3143096,231430960296022,201,201,1,
2278416,3143097,231430970296022,201,201,1,
2278416,3143097,23231430970296022,201,201,1,
2278416,3412884,23234128840296022,201,201,1,
2278416,3143096,2331430960296022,201,201,1,
2278416,3143097,2331430970296022,201,201,1,
2278416,3143097,23331430970296022,201,201,1,
2278416,3412884,23334128840296022,201,201,1,
2278416,3412884,2334128840296022,201,201,1,
2278416,3412886,2334128860296022,201,201,1,
2278416,3412884,234128840296022,201,201,1,
2278416,3412886,234128860296022,201,201,1,
2278416,3143097,23431430970296022,201,201,1,
2278416,3412884,23434128840296022,201,201,1,
2278416,3143097,23531430970296022,201,201,1,
2278416,3412884,23534128840296022,201,201,1,
2278416,3143097,23631430970296022,201,201,1,
2278416,3412884,23634128840296022,201,201,1,
2278416,3143097,23731430970296022,201,201,1,
2278416,3412884,23734128840296022,201,201,1,
2278416,3143097,23831430970296022,201,201,1,
2278416,3412884,23834128840296022,201,201,1,
2278416,3143097,23931430970296022,201,201,1,
2278416,3412884,23934128840296022,201,201,1,
2278416,3143097,24031430970296022,201,201,1,
2278416,3412884,24034128840296022,201,201,1,
2278416,3143097,24131430970296022,201,201,1,
2278416,3412884,24134128840296022,201,201,1,
2278416,3143097,24231430970296022,201,201,1,
2278416,3412884,24234128840296022,201,201,1,
2278416,3143096,2431430960296022,201,201,1,
2278416,3143097,2431430970296022,201,201,1,
2278416,3143097,24331430970296022,201,201,1,
2278416,3412884,24334128840296022,201,201,1,
2278416,3412884,2434128840296022,201,201,1,
2278416,3412886,2434128860296022,201,201,1,
2278416,3143097,24431430970296022,201,201,1,
2278416,3412884,24434128840296022,201,201,1,
2278416,3143097,24531430970296022,201,201,1,
2278416,3412884,24534128840296022,201,201,1,
2278416,3143097,24631430970296022,201,201,1,
2278416,3412884,24634128840296022,201,201,1,
2278416,3143097,24731430970296022,201,201,1,
2278416,3412884,24734128840296022,201,201,1,
2278416,3143097,24831430970296022,201,201,1,
2278416,3412884,24834128840296022,201,201,1,
2278416,3143097,24931430970296022,201,201,1,
2278416,3412884,24934128840296022,201,201,1,
2278416,3143097,25031430970296022,201,201,1,
2278416,3412884,25034128840296022,201,201,1,
2278416,3143097,25131430970296022,201,201,1,
2278416,3412884,25134128840296022,201,201,1,
2278416,3143097,25231430970296022,201,201,1,
2278416,3412884,25234128840296022,201,201,1,
2278416,3143096,2531430960296022,201,201,1,
2278416,3143097,2531430970296022,201,201,1,
2278416,3143097,25331430970296022,201,201,1,
2278416,3412884,25334128840296022,201,201,1,
2278416,3412884,2534128840296022,201,201,1,
2278416,3412886,2534128860296022,201,201,1,
2278416,13143097,25431430970296022,201,201,1,
2278416,3412884,25434128840296022,201,201,1,
2278416,13143097,25531430970296022,201,201,1,
2278416,3412884,25534128840296022,201,201,1,
2278416,13143097,25631430970296022,201,201,1,
2278416,3412884,25634128840296022,201,201,1,
2278416,13143097,25731430970296022,201,201,1,
2278416,3412884,25734128840296022,201,201,1,
2278416,13143097,25831430970296022,201,201,1,
2278416,3412884,25834128840296022,201,201,1,
2278416,3412884,25934128840296022,201,201,1,
2278416,3412884,26034128840296022,201,201,1,
2278416,3412884,26134128840296022,201,201,1,
2278416,3412884,26234128840296022,201,201,1,
2278416,3143096,2631430960296022,201,201,1,
2278416,3143097,2631430970296022,201,201,1,
2278416,3412884,26334128840296022,201,201,1,
2278416,3412884,2634128840296022,201,201,1,
2278416,3412886,2634128860296022,201,201,1,
2278416,3412884,26434128840296022,201,201,1,
2278416,3412884,26534128840296022,201,201,1,
2278416,3412884,26634128840296022,201,201,1,
2278416,3412884,26734128840296022,201,201,1,
2278416,3412884,26834128840296022,201,201,1,
2278416,3412884,26934128840296022,201,201,1,
2278416,3412884,27034128840296022,201,201,1,
2278416,3412884,27134128840296022,201,201,1,
2278416,3412884,27234128840296022,201,201,1,
2278416,3143096,2731430960296022,201,201,1,
2278416,3143097,2731430970296022,201,201,1,
2278416,3412884,27334128840296022,201,201,1,
2278416,3412884,2734128840296022,201,201,1,
2278416,3412886,2734128860296022,201,201,1,
2278416,3412884,27434128840296022,201,201,1,
2278416,3412884,27534128840296022,201,201,1,
2278416,3412884,27634128840296022,201,201,1,
2278416,3412884,27734128840296022,201,201,1,
2278416,3412884,27834128840296022,201,201,1,
2278416,3412884,27934128840296022,201,201,1,
2278416,3412884,28034128840296022,201,201,1,
2278416,3412884,28134128840296022,201,201,1,
2278416,3412884,28234128840296022,201,201,1,
2278416,3143096,2831430960296022,201,201,1,
2278416,3143097,2831430970296022,201,201,1,
2278416,3412884,28334128840296022,201,201,1,
2278416,3412884,2834128840296022,201,201,1,
2278416,3412886,2834128860296022,201,201,1,
2278416,13412884,28434128840296022,201,201,1,
2278416,13412884,28534128840296022,201,201,1,
2278416,13412884,28634128840296022,201,201,1,
2278416,13412884,28734128840296022,201,201,1,
2278416,13412884,28834128840296022,201,201,1,
2278416,13412884,28934128840296022,201,201,1,
2278416,13412884,29034128840296022,201,201,1,
2278416,13412884,29134128840296022,201,201,1,
2278416,13412884,29234128840296022,201,201,1,
2278416,3143096,2931430960296022,201,201,1,
2278416,3143097,2931430970296022,201,201,1,
2278416,3412884,2934128840296022,201,201,1,
2278416,3412886,2934128860296022,201,201,1,
2278416,3143096,3031430960296022,201,201,1,
2278416,3143097,3031430970296022,201,201,1,
2278416,3412884,3034128840296022,201,201,1,
2278416,3412886,3034128860296022,201,201,1,
2278416,3143096,3131430960296022,201,201,1,
2278416,3143097,3131430970296022,201,201,1,
2278416,3412884,3134128840296022,201,201,1,
2278416,3412886,3134128860296022,201,201,1,
2278416,3143096,3231430960296022,201,201,1,
2278416,3143097,3231430970296022,201,201,1,
2278416,3412884,3234128840296022,201,201,1,
2278416,3412886,3234128860296022,201,201,1,
2278416,3143096,331430960296022,201,201,1,
2278416,3143097,331430970296022,201,201,1,
2278416,3143096,3331430960296022,201,201,1,
2278416,3143097,3331430970296022,201,201,1,
2278416,3412884,3334128840296022,201,201,1,
2278416,3412886,3334128860296022,201,201,1,
2278416,3412884,334128840296022,201,201,1,
2278416,3412886,334128860296022,201,201,1,
2278416,3143096,3431430960296022,201,201,1,
2278416,3143097,3431430970296022,201,201,1,
2278416,3412884,3434128840296022,201,201,1,
2278416,3412886,3434128860296022,201,201,1,
2278416,3143096,3531430960296022,201,201,1,
2278416,3143097,3531430970296022,201,201,1,
2278416,3412884,3534128840296022,201,201,1,
2278416,3412886,3534128860296022,201,201,1,
2278416,3143096,3631430960296022,201,201,1,
2278416,3143097,3631430970296022,201,201,1,
2278416,3412884,3634128840296022,201,201,1,
2278416,3412886,3634128860296022,201,201,1,
2278416,3143096,3731430960296022,201,201,1,
2278416,3143097,3731430970296022,201,201,1,
2278416,3412884,3734128840296022,201,201,1,
2278416,3412886,3734128860296022,201,201,1,
2278416,3143096,3831430960296022,201,201,1,
2278416,3143097,3831430970296022,201,201,1,
2278416,3412884,3834128840296022,201,201,1,
2278416,3412886,3834128860296022,201,201,1,
2278416,3143096,3931430960296022,201,201,1,
2278416,3143097,3931430970296022,201,201,1,
2278416,3412884,3934128840296022,201,201,1,
2278416,3412886,3934128860296022,201,201,1,
2278416,3143096,4031430960296022,201,201,1,
2278416,3143097,4031430970296022,201,201,1,
2278416,3412884,4034128840296022,201,201,1,
2278416,3412886,4034128860296022,201,201,1,
2278416,3143096,4131430960296022,201,201,1,
2278416,3143097,4131430970296022,201,201,1,
2278416,3412884,4134128840296022,201,201,1,
2278416,3412886,4134128860296022,201,201,1,
2278416,3143096,4231430960296022,201,201,1,
2278416,3143097,4231430970296022,201,201,1,
2278416,3412884,4234128840296022,201,201,1,
2278416,3412886,4234128860296022,201,201,1,
2278416,3143096,431430960296022,201,201,1,
2278416,3143097,431430970296022,201,201,1,
2278416,3143096,4331430960296022,201,201,1,
2278416,3143097,4331430970296022,201,201,1,
2278416,3412884,4334128840296022,201,201,1,
2278416,3412886,4334128860296022,201,201,1,
2278416,3412884,434128840296022,201,201,1,
2278416,3412886,434128860296022,201,201,1,
2278416,3143096,4431430960296022,201,201,1,
2278416,3143097,4431430970296022,201,201,1,
2278416,3412884,4434128840296022,201,201,1,
2278416,3412886,4434128860296022,201,201,1,
2278416,3143096,4531430960296022,201,201,1,
2278416,3143097,4531430970296022,201,201,1,
2278416,3412884,4534128840296022,201,201,1,
2278416,3412886,4534128860296022,201,201,1,
2278416,3143096,4631430960296022,201,201,1,
2278416,3143097,4631430970296022,201,201,1,
2278416,3412884,4634128840296022,201,201,1,
2278416,3412886,4634128860296022,201,201,1,
2278416,3143096,4731430960296022,201,201,1,
2278416,3143097,4731430970296022,201,201,1,
2278416,3412884,4734128840296022,201,201,1,
2278416,3412886,4734128860296022,201,201,1,
2278416,3143096,4831430960296022,201,201,1,
2278416,3143097,4831430970296022,201,201,1,
2278416,3412884,4834128840296022,201,201,1,
2278416,3412886,4834128860296022,201,201,1,
2278416,3143096,4931430960296022,201,201,1,
2278416,3143097,4931430970296022,201,201,1,
2278416,3412884,4934128840296022,201,201,1,
2278416,3412886,4934128860296022,201,201,1,
2278416,3143096,5031430960296022,201,201,1,
2278416,3143097,5031430970296022,201,201,1,
2278416,3412884,5034128840296022,201,201,1,
2278416,3412886,5034128860296022,201,201,1,
2278416,3143096,5131430960296022,201,201,1,
2278416,3143097,5131430970296022,201,201,1,
2278416,3412884,5134128840296022,201,201,1,
2278416,3412886,5134128860296022,201,201,1,
2278416,3143096,5231430960296022,201,201,1,
2278416,3143097,5231430970296022,201,201,1,
2278416,3412884,5234128840296022,201,201,1,
2278416,3412886,5234128860296022,201,201,1,
2278416,3143096,531430960296022,201,201,1,
2278416,3143097,531430970296022,201,201,1,
2278416,3143096,5331430960296022,201,201,1,
2278416,3143097,5331430970296022,201,201,1,
2278416,3412884,5334128840296022,201,201,1,
2278416,3412886,5334128860296022,201,201,1,
2278416,3412884,534128840296022,201,201,1,
2278416,3412886,534128860296022,201,201,1,
2278416,3143096,5431430960296022,201,201,1,
2278416,3143097,5431430970296022,201,201,1,
2278416,3412884,5434128840296022,201,201,1,
2278416,3412886,5434128860296022,201,201,1,
2278416,3143096,5531430960296022,201,201,1,
2278416,3143097,5531430970296022,201,201,1,
2278416,3412884,5534128840296022,201,201,1,
2278416,3412886,5534128860296022,201,201,1,
2278416,3143096,5631430960296022,201,201,1,
2278416,3143097,5631430970296022,201,201,1,
2278416,3412884,5634128840296022,201,201,1,
2278416,3412886,5634128860296022,201,201,1,
2278416,3143096,5731430960296022,201,201,1,
2278416,3143097,5731430970296022,201,201,1,
2278416,3412884,5734128840296022,201,201,1,
2278416,3412886,5734128860296022,201,201,1,
2278416,3143096,5831430960296022,201,201,1,
2278416,3143097,5831430970296022,201,201,1,
2278416,3412884,5834128840296022,201,201,1,
2278416,3412886,5834128860296022,201,201,1,
2278416,3143096,5931430960296022,201,201,1,
2278416,3143097,5931430970296022,201,201,1,
2278416,3412884,5934128840296022,201,201,1,
2278416,3412886,5934128860296022,201,201,1,
2278416,3143096,6031430960296022,201,201,1,
2278416,3143097,6031430970296022,201,201,1,
2278416,3412884,6034128840296022,201,201,1,
2278416,3412886,6034128860296022,201,201,1,
2278416,3143096,6131430960296022,201,201,1,
2278416,3143097,6131430970296022,201,201,1,
2278416,3412884,6134128840296022,201,201,1,
2278416,3412886,6134128860296022,201,201,1,
2278416,3143096,6231430960296022,201,201,1,
2278416,3143097,6231430970296022,201,201,1,
2278416,3412884,6234128840296022,201,201,1,
2278416,3412886,6234128860296022,201,201,1,
2278416,3143096,631430960296022,201,201,1,
2278416,3143097,631430970296022,201,201,1,
2278416,3143096,6331430960296022,201,201,1,
2278416,3143097,6331430970296022,201,201,1,
2278416,3412884,6334128840296022,201,201,1,
2278416,3412886,6334128860296022,201,201,1,
2278416,3412884,634128840296022,201,201,1,
2278416,3412886,634128860296022,201,201,1,
2278416,3143096,6431430960296022,201,201,1,
2278416,3143097,6431430970296022,201,201,1,
2278416,3412884,6434128840296022,201,201,1,
2278416,3412886,6434128860296022,201,201,1,
2278416,3143096,6531430960296022,201,201,1,
2278416,3143097,6531430970296022,201,201,1,
2278416,3412884,6534128840296022,201,201,1,
2278416,3412886,6534128860296022,201,201,1,
2278416,3143096,6631430960296022,201,201,1,
2278416,3143097,6631430970296022,201,201,1,
2278416,3412884,6634128840296022,201,201,1,
2278416,3412886,6634128860296022,201,201,1,
2278416,3143096,6731430960296022,201,201,1,
2278416,3143097,6731430970296022,201,201,1,
2278416,3412884,6734128840296022,201,201,1,
2278416,3412886,6734128860296022,201,201,1,
2278416,3143096,6831430960296022,201,201,1,
2278416,3143097,6831430970296022,201,201,1,
2278416,3412884,6834128840296022,201,201,1,
2278416,3412886,6834128860296022,201,201,1,
2278416,3143096,6931430960296022,201,201,1,
2278416,3143097,6931430970296022,201,201,1,
2278416,3412884,6934128840296022,201,201,1,
2278416,3412886,6934128860296022,201,201,1,
2278416,3143096,7031430960296022,201,201,1,
2278416,3143097,7031430970296022,201,201,1,
2278416,3412884,7034128840296022,201,201,1,
2278416,3412886,7034128860296022,201,201,1,
2278416,3143096,7131430960296022,201,201,1,
2278416,3143097,7131430970296022,201,201,1,
2278416,3412884,7134128840296022,201,201,1,
2278416,3412886,7134128860296022,201,201,1,
2278416,3143096,7231430960296022,201,201,1,
2278416,3143097,7231430970296022,201,201,1,
2278416,3412884,7234128840296022,201,201,1,
2278416,3412886,7234128860296022,201,201,1,
2278416,3143096,731430960296022,201,201,1,
2278416,3143097,731430970296022,201,201,1,
2278416,3143096,7331430960296022,201,201,1,
2278416,3143097,7331430970296022,201,201,1,
2278416,3412884,7334128840296022,201,201,1,
2278416,3412886,7334128860296022,201,201,1,
2278416,3412884,734128840296022,201,201,1,
2278416,3412886,734128860296022,201,201,1,
2278416,3143096,7431430960296022,201,201,1,
2278416,3143097,7431430970296022,201,201,1,
2278416,3412884,7434128840296022,201,201,1,
2278416,3412886,7434128860296022,201,201,1,
2278416,3143096,7531430960296022,201,201,1,
2278416,3143097,7531430970296022,201,201,1,
2278416,3412884,7534128840296022,201,201,1,
2278416,3412886,7534128860296022,201,201,1,
2278416,3143096,7631430960296022,201,201,1,
2278416,3143097,7631430970296022,201,201,1,
2278416,3412884,7634128840296022,201,201,1,
2278416,3412886,7634128860296022,201,201,1,
2278416,3143096,7731430960296022,201,201,1,
2278416,3143097,7731430970296022,201,201,1,
2278416,3412884,7734128840296022,201,201,1,
2278416,3412886,7734128860296022,201,201,1,
2278416,3143096,7831430960296022,201,201,1,
2278416,3143097,7831430970296022,201,201,1,
2278416,3412884,7834128840296022,201,201,1,
2278416,3412886,7834128860296022,201,201,1,
2278416,3143096,7931430960296022,201,201,1,
2278416,3143097,7931430970296022,201,201,1,
2278416,3412884,7934128840296022,201,201,1,
2278416,3412886,7934128860296022,201,201,1,
2278416,3143096,8031430960296022,201,201,1,
2278416,3143097,8031430970296022,201,201,1,
2278416,3412884,8034128840296022,201,201,1,
2278416,3412886,8034128860296022,201,201,1,
2278416,3143096,8131430960296022,201,201,1,
2278416,3143097,8131430970296022,201,201,1,
2278416,3412884,8134128840296022,201,201,1,
2278416,3412886,8134128860296022,201,201,1,
2278416,3143096,8231430960296022,201,201,1,
2278416,3143097,8231430970296022,201,201,1,
2278416,3412884,8234128840296022,201,201,1,
2278416,3412886,8234128860296022,201,201,1,
2278416,3143096,831430960296022,201,201,1,
2278416,3143097,831430970296022,201,201,1,
2278416,3143096,8331430960296022,201,201,1,
2278416,3143097,8331430970296022,201,201,1,
2278416,3412884,8334128840296022,201,201,1,
2278416,3412886,8334128860296022,201,201,1,
2278416,3412884,834128840296022,201,201,1,
2278416,3412886,834128860296022,201,201,1,
2278416,3143096,8431430960296022,201,201,1,
2278416,3143097,8431430970296022,201,201,1,
2278416,3412884,8434128840296022,201,201,1,
2278416,3412886,8434128860296022,201,201,1,
2278416,3143096,8531430960296022,201,201,1,
2278416,3143097,8531430970296022,201,201,1,
2278416,3412884,8534128840296022,201,201,1,
2278416,3412886,8534128860296022,201,201,1,
2278416,3143096,8631430960296022,201,201,1,
2278416,3143097,8631430970296022,201,201,1,
2278416,3412884,8634128840296022,201,201,1,
2278416,3412886,8634128860296022,201,201,1,
2278416,3143096,8731430960296022,201,201,1,
2278416,3143097,8731430970296022,201,201,1,
2278416,3412884,8734128840296022,201,201,1,
2278416,3412886,8734128860296022,201,201,1,
2278416,3143096,8831430960296022,201,201,1,
2278416,3143097,8831430970296022,201,201,1,
2278416,3412884,8834128840296022,201,201,1,
2278416,3412886,8834128860296022,201,201,1,
2278416,3143096,8931430960296022,201,201,1,
2278416,3143097,8931430970296022,201,201,1,
2278416,3412884,8934128840296022,201,201,1,
2278416,3412886,8934128860296022,201,201,1,
2278416,3143096,9031430960296022,201,201,1,
2278416,3143097,9031430970296022,201,201,1,
2278416,3412884,9034128840296022,201,201,1,
2278416,3412886,9034128860296022,201,201,1,
2278416,3143096,9131430960296022,201,201,1,
2278416,3143097,9131430970296022,201,201,1,
2278416,3412884,9134128840296022,201,201,1,
2278416,3412886,9134128860296022,201,201,1,
2278416,3143096,9231430960296022,201,201,1,
2278416,3143097,9231430970296022,201,201,1,
2278416,3412884,9234128840296022,201,201,1,
2278416,3412886,9234128860296022,201,201,1,
2278416,3143096,931430960296022,201,201,1,
2278416,3143097,931430970296022,201,201,1,
2278416,3143096,9331430960296022,201,201,1,
2278416,3143097,9331430970296022,201,201,1,
2278416,3412884,9334128840296022,201,201,1,
2278416,3412886,9334128860296022,201,201,1,
2278416,3412884,934128840296022,201,201,1,
2278416,3412886,934128860296022,201,201,1,
2278416,3143096,9431430960296022,201,201,1,
2278416,3143097,9431430970296022,201,201,1,
2278416,3412884,9434128840296022,201,201,1,
2278416,3412886,9434128860296022,201,201,1,
2278416,3143096,9531430960296022,201,201,1,
2278416,3143097,9531430970296022,201,201,1,
2278416,3412884,9534128840296022,201,201,1,
2278416,3412886,9534128860296022,201,201,1,
2278416,3143096,9631430960296022,201,201,1,
2278416,3143097,9631430970296022,201,201,1,
2278416,3412884,9634128840296022,201,201,1,
2278416,3412886,9634128860296022,201,201,1,
2278416,3143096,9731430960296022,201,201,1,
2278416,3143097,9731430970296022,201,201,1,
2278416,3412884,9734128840296022,201,201,1,
2278416,3412886,9734128860296022,201,201,1,
2278416,3143096,9831430960296022,201,201,1,
2278416,3143097,9831430970296022,201,201,1,
2278416,3412884,9834128840296022,201,201,1,
2278416,3412886,9834128860296022,201,201,1,
2278416,3143096,9931430960296022,201,201,1,
2278416,3143097,9931430970296022,201,201,1,
2278416,3412884,9934128840296022,201,201,1,
2278416,3412886,9934128860296022,201,201,1,
2278416,3143096,131430960917609,202,202,1,
2278416,3143097,131430970917609,202,202,1,
2278416,3412884,134128840917609,202,202,1,
2278416,3412886,134128860917609,202,202,1,
2278416,3143096,231430960917609,202,202,1,
2278416,3143097,231430970917609,202,202,1,
2278416,3412884,234128840917609,202,202,1,
2278416,3412886,234128860917609,202,202,1,
2278416,3143096,331430960917609,202,202,1,
2278416,3412886,334128860917609,202,202,1,
2278416,3143096,431430960917609,202,202,1,
2278416,3412886,434128860917609,202,202,1,
2278416,3143096,531430960917609,202,202,1,
2278416,3412886,534128860917609,202,202,1,
2278416,3412886,634128860917609,202,202,1,
