from_stop_id,to_stop_id,transfer_type,min_transfer_time
1695,9078485,2,213
1744,7898880,2,247
4471735,1648,2,269
1808,7946485,2,189
7991801,1849,2,229
8451949,1854,2,275
1847,9375368,2,233
1808,7946484,2,189
1847,9375367,2,233
1744,3972545,2,192
1744,3972544,2,238
2199,9416172,2,233
2199,9416173,2,230
7946074,2080,2,229
2199,9416174,2,310
4378353,2347,2,253
2199,8926304,2,198
2208,1954,2,59
7946087,2209,2,199
2506,4378066,2,261
2221,4036985,2,220
2314,7931331,2,242
2221,4036986,2,189
2314,7931330,2,234
1925,3754327,2,322
4658206,1744,2,265
2199,4035790,2,310
2055,9417076,2,283
1675,1676,2,110
1800,7899129,2,270
9416240,2020,2,191
8452054,1696,2,254
7946180,1925,2,248
1925,7946409,2,239
1744,7898879,2,248
1681,7931814,2,201
1681,7931813,2,192
7920961,2209,2,210
1847,2102,2,600
7946074,2093,2,229
1925,7946410,2,248
2250,7946431,2,239
2250,7946432,2,248
2347,7946403,2,189
2085,4035559,2,240
8007362,2134,2,239
2347,7946404,2,189
2505,9416482,2,218
2505,9416483,2,192
4471742,1740,2,211
7946083,2085,2,240
2345,4036766,2,242
9416195,2529,2,219
1954,4044988,2,198
2314,4036754,2,234
2314,4036753,2,256
2316,7899127,2,277
2314,4036752,2,249
4843454,1871,2,192
2314,4036756,2,242
2314,4036755,2,236
8985193,1954,2,208
4423342,2505,2,193
7946080,2486,2,196
1648,7991689,2,244
7931496,1854,2,234
9416212,1685,2,182
7899668,1966,2,344
7899670,1966,2,368
1847,4459244,2,242
7899555,1676,2,340
1847,4459243,2,234
1847,4459242,2,249
4658218,1911,2,197
1966,2155,2,298
1925,7946431,2,239
7899555,2486,2,340
2221,7899616,2,301
2221,7986272,2,261
1648,7991695,2,242
1925,7946432,2,248
7946085,2209,2,244
5688817,1695,2,302
1648,7991696,2,234
7946170,2272,2,225
4471735,2528,2,269
7899742,1806,2,242
1966,9296094,2,243
2226,8379442,2,279
2221,7275150,2,207
1966,9296091,2,368
2226,8379441,2,279
2221,7275151,2,189
1966,9296092,2,217
7946159,1854,2,275
1808,6446061,2,214
1944,9416173,2,230
1971,8379441,2,279
9416205,2528,2,242
1944,9416172,2,233
1971,8379442,2,279
1944,9416174,2,310
8451963,1808,2,215
4658255,2199,2,310
1681,7964947,2,201
1681,7921216,2,198
8451982,1695,2,202
1966,7922512,2,406
1966,7922510,2,212
1966,7922511,2,212
1774,9296087,2,286
1774,9296088,2,270
1774,9296086,2,191
2314,7946309,2,249
1953,1954,2,67
2314,7946307,2,222
2314,7946308,2,256
2314,7946305,2,216
2314,7946306,2,228
8451952,1648,2,234
2314,7946304,2,233
1849,3749683,2,277
7946205,2528,2,222
9416201,2321,2,269
7946209,2347,2,189
8985195,2209,2,244
7991818,1800,2,270
8451983,2505,2,202
7946204,1648,2,242
2400,3781644,2,315
2400,3781645,2,202
1966,4459252,2,261
1944,8926158,2,198
1966,4459253,2,281
2486,1674,2,234
1774,4037201,2,191
9416184,2221,2,194
8452054,2506,2,254
7899977,2384,2,191
4037257,2321,2,234
7991803,1971,2,195
1953,2209,2,95
7946086,1954,2,254
4658218,2236,2,197
1944,8926159,2,198
2221,7161643,2,216
2221,7161644,2,216
9416204,2321,2,279
2250,7946491,2,248
8007363,1849,2,229
2250,7946490,2,239
2314,7931329,2,249
2327,4035812,2,251
2327,4035811,2,270
1808,3813529,2,201
2175,7931459,2,285
1808,3813528,2,198
2175,7931458,2,203
7991685,2528,2,235
5688817,2505,2,302
1860,2328,2,75
1847,9128463,2,222
1944,9417069,2,195
1847,9128462,2,222
9416224,2250,2,248
9416245,1648,2,222
2347,4124835,2,215
4471832,2412,2,204
1847,8379521,2,225
1966,7921219,2,282
2321,7946402,2,237
1966,4037197,2,207
2546,4036977,2,214
1966,4037196,2,281
2546,4036976,2,240
1908,2232,2,67
1703,4035804,2,234
7312111,1871,2,192
1703,4035805,2,216
1966,7921220,2,374
1808,7946403,2,189
7946164,1648,2,263
1808,7946404,2,189
2505,4458791,2,213
2505,4458792,2,199
2314,3893339,2,249
2347,7946485,2,189
2347,7946484,2,189
8367261,2221,2,217
7946213,1925,2,261
1966,4037198,2,194
1966,4037199,2,368
4658207,2422,2,192
7275315,2221,2,189
4378357,1639,2,195
2209,4035562,2,208
2314,3893344,2,233
7946180,2250,2,248
7946088,1954,2,190
9128524,2015,2,184
2209,4035563,2,254
1966,7945916,2,301
2209,4035561,2,199
1966,7945917,2,220
1648,1794,2,112
4658209,2104,2,185
2209,4044988,2,198
1944,8926304,2,198
2134,7899128,2,285
2314,3893340,2,256
8451959,2272,2,212
2314,3893341,2,222
2314,3893342,2,228
2314,3893343,2,216
8985196,2546,2,214
8451958,1685,2,182
1696,4036817,2,254
3343767,2314,2,180
7899666,1805,2,195
1808,7946425,2,189
1954,5018141,2,193
2345,9296093,2,199
1808,7946426,2,189
1954,5018140,2,198
2104,3972547,2,196
6563577,2347,2,195
2104,3972548,2,187
7946079,2486,2,207
2316,7900033,2,245
9128566,1806,2,223
1806,3893351,2,199
2055,3972547,2,196
1911,6748622,2,196
7946158,2321,2,198
2055,3972548,2,187
1911,6748621,2,197
1681,7965028,2,192
2528,7946353,2,224
2528,7946354,2,224
2528,7946355,2,234
2528,7946356,2,242
8451972,1639,2,189
8007358,2209,2,188
1681,7965029,2,201
1944,9417061,2,207
1944,9417062,2,207
2491,7931773,2,201
1695,4036815,2,195
2505,9078485,2,213
1696,4378066,2,261
1695,4036816,2,195
7946136,2093,2,193
7946135,1860,2,260
7946207,1685,2,207
1966,7899577,2,243
2221,6591457,2,237
1860,7899137,2,196
1860,7899136,2,251
7931484,2020,2,191
2221,6591456,2,220
1774,7921178,2,216
2199,9362052,2,205
1774,7921177,2,216
2314,7931380,2,236
2199,9362051,2,225
2125,1954,2,55
2250,7946409,2,239
9416741,1944,2,211
4378356,1925,2,261
1985,7898883,2,224
2199,6673026,2,229
2199,6673025,2,209
1985,7898881,2,253
2134,3749735,2,285
2199,6673028,2,233
1985,7898882,2,285
2199,6673027,2,230
2546,4035814,2,214
1966,1967,2,400
1740,4677657,2,276
8985254,2546,2,214
7899743,2221,2,261
1966,1965,2,250
7946077,2486,2,279
2314,7931381,2,256
7275317,1966,2,368
2345,4459251,2,242
7946158,1854,2,198
6563574,2250,2,248
2505,4439499,2,202
9416198,2020,2,228
7946203,1854,2,275
2546,4035813,2,240
9416215,1808,2,189
7946203,2321,2,275
2209,4045034,2,192
4378357,2519,2,195
2314,4459243,2,234
2314,4459242,2,249
7920892,2373,2,243
1966,4036769,2,207
1985,7931458,2,203
1985,7931459,2,285
2314,4459244,2,242
1734,3893390,2,200
4471741,1734,2,217
3754291,1685,2,270
2085,4035560,2,214
1649,4036778,2,213
1774,7986313,2,191
1649,4036777,2,219
2209,4037048,2,254
7899527,1676,2,278
1925,4036802,2,261
1925,4036803,2,248
1966,7275150,2,207
1954,7931571,2,199
3343768,1847,2,180
4658255,1944,2,310
7946135,2327,2,260
2314,7900286,2,233
7946200,2020,2,191
6563577,1808,2,195
1966,7275151,2,189
9416233,1966,2,207
9416242,2321,2,198
2347,7946426,2,189
2175,7898883,2,224
2175,7898882,2,285
2422,7647718,2,220
2175,7898881,2,253
2347,7946425,2,189
2422,7647719,2,194
2250,7946410,2,248
7991814,1971,2,227
2055,9417296,2,199
7991824,2486,2,282
9416181,2221,2,209
1847,4036756,2,242
1847,4036755,2,236
5355345,2422,2,192
1847,4036754,2,234
7946189,2321,2,269
1806,7921180,2,242
1847,4036753,2,256
1847,4036752,2,249
1954,4036978,2,199
1954,4036979,2,193
1907,7921188,2,198
1907,7921187,2,207
4843455,2301,2,225
7946172,1808,2,207
4843813,1871,2,192
2314,9416528,2,242
2491,7965029,2,201
2505,5161547,2,199
4130576,2272,2,225
2327,4036974,2,270
6563570,2506,2,254
2505,5161546,2,213
2327,4036975,2,251
4378356,2250,2,261
1696,4458795,2,261
2221,7921181,2,261
2491,7965028,2,192
2528,7931899,2,234
7946154,2020,2,191
2528,7931898,2,242
2546,5747229,2,240
7946200,2139,2,191
1944,4035790,2,310
7946161,2528,2,242
2546,5747230,2,214
2321,7946357,2,279
2321,7946359,2,266
2321,7946358,2,275
9128576,2015,2,184
1676,4035810,2,278
2314,9416511,2,234
2314,8379443,2,236
2314,9416510,2,256
2314,9416512,2,236
7991814,2226,2,227
1696,4458789,2,259
1966,7921181,2,261
2314,9128512,2,249
1805,7921217,2,195
4471832,1734,2,204
2422,4035799,2,207
1860,4036975,2,251
1860,4036974,2,270
1907,3887761,2,198
2321,4045001,2,238
9416218,2347,2,195
8007357,2209,2,223
1854,7946402,2,237
9416201,1854,2,269
2491,7931814,2,201
2491,7931813,2,192
2199,8926158,2,198
2199,8926159,2,198
1966,7986310,2,282
1966,7986311,2,353
1854,7931535,2,238
3730676,2505,2,193
2221,1166834,2,360
2221,1166835,2,360
9416203,2321,2,275
9416218,1808,2,195
1740,4677676,2,234
1740,4677675,2,271
2221,7945885,2,216
7312100,2250,2,220
8367262,2221,2,406
1871,9415771,2,192
1808,3786051,2,246
1966,7986309,2,344
1808,3786050,2,246
7946084,2085,2,214
1908,1907,2,14
7931948,2316,2,210
2221,4459252,2,261
2221,4459253,2,281
1849,7900033,2,245
1744,4035819,2,227
9362049,2199,2,205
1860,4035811,2,270
1860,4035812,2,251
9416117,1966,2,209
2418,4677745,2,271
1954,7945909,2,190
2418,4677746,2,234
4378363,1695,2,202
3343767,1847,2,180
8367259,1966,2,268
9416182,2221,2,209
2313,2314,2,119
8985250,2327,2,270
7946161,1648,2,242
8451950,1854,2,279
8007412,1847,2,234
2495,4036790,2,207
2495,4036791,2,182
8451933,2221,2,207
8451971,1639,2,195
9416195,1649,2,219
7946136,2080,2,193
8985253,1954,2,254
8451949,2321,2,275
2505,9078506,2,213
1695,4284930,2,216
8451945,2020,2,228
2219,2221,2,262
8451957,2495,2,207
1847,5138167,2,285
2435,7946301,2,199
7946162,1648,2,234
2435,7946302,2,241
2519,4378061,2,323
1774,1773,2,54
1954,7931518,2,190
1966,2036,2,264
9416244,2528,2,242
7899527,2486,2,278
4471741,2412,2,217
2519,4378060,2,273
2422,3972545,2,192
2422,3972544,2,238
1675,2486,2,104
2435,6129305,2,180
7312101,2250,2,213
2435,6129304,2,180
2134,8357915,2,285
2412,7931915,2,200
1849,7899994,2,277
8985253,2209,2,254
2412,7931914,2,221
2519,4378059,2,297
2055,4035797,2,201
7946162,2528,2,234
9128514,2221,2,374
8451972,2519,2,189
7991813,1847,2,270
5355345,1744,2,192
8451959,1876,2,212
2316,8357858,2,277
1757,6129305,2,180
1648,7921212,2,225
2314,2102,2,600
7275316,2221,2,189
7991817,2015,2,244
1757,6129304,2,180
7991804,2314,2,285
6591847,2221,2,297
9416197,2020,2,191
7920892,1800,2,243
2221,8838664,2,261
9416239,2529,2,219
7899526,1676,2,388
2233,1907,2,76
3730627,1695,2,193
8451933,1966,2,207
7946155,2020,2,228
9416244,1648,2,242
1676,4035806,2,279
1676,4035807,2,267
1676,4035808,2,207
8367262,1966,2,406
6591847,1966,2,297
1676,4035809,2,196
9416249,2347,2,189
1648,7921200,2,244
8007363,2316,2,229
8985192,1954,2,193
7946142,2250,2,220
2373,8357916,2,270
2250,9416324,2,248
1966,7921117,2,217
2321,7931897,2,279
9416204,1854,2,279
2321,7931895,2,266
1966,7921116,2,217
2321,7931896,2,275
7312101,1925,2,213
7946189,1854,2,269
2321,7931894,2,237
2384,4037201,2,191
2528,3926308,2,235
2528,3926309,2,225
2209,5747232,2,208
2209,5747231,2,199
7991816,1849,2,227
2209,5747233,2,254
7946167,1685,2,207
7312111,2301,2,192
1876,4036792,2,212
6673110,2221,2,217
7946167,2495,2,207
1966,8838664,2,261
1876,4036793,2,225
2384,1773,2,89
8451958,2495,2,182
2528,7932097,2,197
2528,7932095,2,251
2528,7932096,2,244
4658258,2104,2,201
7946078,1676,2,267
8367263,2345,2,242
7946080,1676,2,196
2528,7932094,2,249
1740,3813531,2,226
2236,9216739,2,194
7946083,2546,2,240
1740,3813530,2,207
3730627,2505,2,193
2236,9216738,2,205
1849,7899127,2,277
7991813,2314,2,270
9416206,1648,2,234
1806,4036766,2,242
2104,7985551,2,188
7946152,2529,2,219
9128568,2221,2,189
1695,7986500,2,193
2221,4036769,2,207
1695,7986501,2,315
1968,1966,2,540
2104,7985552,2,199
8452055,1854,2,269
1695,5161546,2,213
9416342,1871,2,211
1695,5161547,2,199
3730676,1695,2,193
1639,4378061,2,323
1847,5138168,2,216
7946179,1925,2,239
1847,5138169,2,233
2347,9416321,2,195
1648,7932094,2,249
1648,7932095,2,251
2529,4036778,2,213
1648,7932096,2,244
2529,4036777,2,219
2327,2328,2,60
1648,7932097,2,197
1639,4378060,2,273
7920900,1774,2,226
9416202,1854,2,198
2316,3749683,2,277
1639,4378059,2,297
2104,4009054,2,224
7275313,1806,2,242
1808,6446077,2,214
1808,6446076,2,214
2209,4035816,2,208
2209,4035817,2,254
1648,7920966,2,226
2209,4035815,2,208
3785915,2301,2,211
7946163,2528,2,222
1954,4035731,2,223
2104,4009055,2,196
7946152,1649,2,219
1954,4035730,2,223
2221,7932206,2,301
1648,7920964,2,209
1648,7920965,2,269
1966,7161644,2,216
2495,7013390,2,212
1695,4284929,2,201
1966,7161643,2,216
1648,7920963,2,209
9128561,1849,2,245
2209,7945909,2,190
2418,3813531,2,226
2418,3813530,2,207
7946210,2347,2,215
2505,4036815,2,195
7312110,2301,2,225
9416740,1944,2,207
2505,4036816,2,195
9416253,1925,2,261
2519,4036805,2,189
2519,4036804,2,195
9128567,2221,2,189
2250,3754327,2,322
7946079,1676,2,207
2384,9296088,2,270
2384,9296087,2,286
1954,4045034,2,192
2384,9296086,2,191
1911,9416178,2,217
8451962,1808,2,207
1911,9416179,2,240
7899665,2491,2,198
8451964,2347,2,195
1911,9416180,2,234
6563567,1695,2,202
9416223,1925,2,239
1847,7946309,2,249
9416362,2301,2,192
1847,7946307,2,222
1847,7946308,2,256
1854,7931555,2,234
1847,7946305,2,216
1847,7946306,2,228
7275319,2384,2,191
9362050,1944,2,225
9128569,1966,2,374
1847,7946304,2,233
7946085,1954,2,244
8985195,1954,2,244
2055,7985552,2,199
2055,7985551,2,188
9416183,1966,2,207
1911,9216738,2,205
1911,9216739,2,194
7899746,2491,2,274
2233,2232,2,78
2344,7921217,2,195
2314,9375368,2,233
2314,9375367,2,233
2104,4009085,2,199
2104,4009086,2,254
2226,1972,2,119
2104,4035797,2,201
1639,4036805,2,189
1639,4036804,2,195
8007411,2314,2,249
2104,9417076,2,283
2345,7986271,2,223
2486,2484,2,245
8452055,2321,2,269
1966,7900042,2,243
1854,4036785,2,279
1854,4036784,2,275
1854,4036783,2,198
1774,3893399,2,233
2327,5747228,2,251
2327,5747227,2,270
2528,3926337,2,248
2104,9417296,2,199
7946082,1860,2,270
1648,7931900,2,269
1734,3813533,2,211
1648,7931901,2,226
1734,3813532,2,210
9416217,2347,2,215
2125,2209,2,15
2055,7985549,2,224
8985194,1954,2,254
8367330,1966,2,243
9128569,2221,2,374
1800,3749736,2,270
2314,5138223,2,270
7899742,2345,2,242
1966,4036986,2,189
7946209,1808,2,189
2528,2404,2,102
1966,4036985,2,220
4471742,2418,2,211
8985193,2209,2,208
8451960,2272,2,225
2221,7921116,2,217
2221,7921117,2,217
2301,9415771,2,192
8985194,2209,2,254
7946160,1854,2,279
5688818,1695,2,208
2316,7899994,2,277
4658219,2236,2,196
2221,7899983,2,237
2221,7899984,2,237
1964,2221,2,248
2221,7899985,2,217
2221,7899986,2,374
4037270,1954,2,193
1847,7931381,2,256
1847,7931380,2,236
7275313,2345,2,242
1944,8926234,2,198
3754291,2495,2,270
1944,8926235,2,198
7931949,2316,2,210
1676,1674,2,236
4843454,2301,2,192
2435,9296084,2,241
2209,7931518,2,190
2435,9296085,2,199
9128567,1966,2,189
2528,3893371,2,226
2528,3893370,2,269
1808,9416321,2,195
1954,4035561,2,199
1966,7945885,2,216
1954,4035563,2,254
2347,4036796,2,215
1954,4035562,2,208
4423342,1695,2,193
2546,4035559,2,240
2347,4036795,2,207
1648,3926309,2,225
2528,3893369,2,242
1648,3926308,2,235
2347,4036797,2,195
2347,4036794,2,189
2384,7986313,2,191
8451970,1925,2,248
9416202,2321,2,198
2221,7900042,2,243
9416240,2139,2,191
1954,4035816,2,208
1954,4035817,2,254
1954,4035815,2,208
8985196,2085,2,214
1966,7275451,2,207
1966,7275450,2,243
5355344,1744,2,225
1954,4211807,2,223
8451969,2250,2,261
5355344,2422,2,225
7931484,2139,2,191
1954,4211806,2,223
6563574,1925,2,248
1966,7275453,2,208
1966,7275452,2,281
2209,5018141,2,193
2209,5018140,2,198
3730628,1695,2,221
1648,3926337,2,248
7946076,1703,2,216
7946078,2486,2,267
8451953,1648,2,222
2226,2227,2,86
9416213,1876,2,212
1847,9128512,2,249
2226,9128464,2,230
8451961,1808,2,189
9416181,1966,2,209
7312110,1871,2,225
2345,7900041,2,242
9416208,2528,2,263
1648,8418736,2,234
2015,7899128,2,285
1695,4378048,2,202
1695,4378049,2,221
8007365,2226,2,195
1954,5747233,2,254
1954,5747232,2,208
2221,7986310,2,282
1954,5747231,2,199
2221,7986311,2,353
2236,6748621,2,197
2236,6748622,2,196
7946213,2250,2,261
7991824,1676,2,282
2209,7931571,2,199
2236,9416004,2,240
9362050,2199,2,225
2236,9416005,2,234
8451954,2528,2,263
2104,7985549,2,224
7899669,2221,2,217
8451934,1966,2,194
1695,9078506,2,213
1806,4037241,2,242
2221,7986309,2,344
2345,3893351,2,199
2175,4035801,2,231
4471839,1648,2,226
2175,4035800,2,216
8451954,1648,2,263
2528,4036786,2,222
9416216,1808,2,207
2528,4036787,2,263
2221,2220,2,123
8451948,2321,2,198
7899977,1774,2,191
2221,2222,2,400
9416208,1648,2,263
1695,4378069,2,205
2546,4035560,2,214
2314,4036658,2,256
2314,4036657,2,236
1847,8379443,2,236
1944,9416001,2,230
2314,5138167,2,285
2314,5138168,2,216
1944,9048929,2,198
2314,5138169,2,233
7991801,2316,2,229
1944,9416002,2,310
2199,9416002,2,310
8007362,2015,2,239
2199,9416001,2,230
7920961,1954,2,210
8007358,1954,2,188
7899669,1966,2,217
7991816,2316,2,227
7946088,2209,2,190
8451983,1695,2,202
6563567,2505,2,202
8451934,2221,2,194
8451951,2528,2,242
1847,4036657,2,236
9416243,1854,2,275
1847,4036658,2,256
8451948,1854,2,198
9416253,2250,2,261
2221,7275450,2,243
2528,7921212,2,225
1846,1847,2,95
8451952,2528,2,234
2314,7900223,2,228
2219,1966,2,271
2314,7900222,2,234
2314,7900224,2,242
8451953,2528,2,222
2221,7275453,2,208
2221,7275452,2,281
2314,7900221,2,256
2221,7275451,2,207
2314,7900220,2,249
2221,7945917,2,220
2221,7945916,2,301
9416198,2139,2,228
9416196,2529,2,213
1757,9296084,2,241
1757,9296085,2,199
1800,8357916,2,270
7946173,1808,2,215
2232,3887761,2,198
7991823,1676,2,388
7946155,2139,2,228
2528,7991689,2,244
8451960,1876,2,225
7899746,1681,2,274
7946142,1925,2,220
1648,7946353,2,224
2223,1966,2,540
9416207,1648,2,222
1648,7946354,2,224
1648,7946355,2,234
1648,7946356,2,242
2104,4035821,2,185
8451963,2347,2,215
8367261,1966,2,217
2327,4035558,2,251
2327,4035557,2,270
2314,9416509,2,249
2528,7931900,2,269
1966,6591457,2,237
2321,3893392,2,269
2528,7991695,2,242
2528,7931901,2,226
1966,6591456,2,220
2412,3813532,2,210
2412,3813533,2,211
9128514,1966,2,374
7946204,2528,2,242
1954,7945891,2,210
7312100,1925,2,220
9362049,1944,2,205
2528,7991696,2,234
5688819,1695,2,315
2403,1648,2,129
2528,7920966,2,226
8985254,2085,2,214
1648,7931899,2,234
1648,7931898,2,242
8367330,2221,2,243
8451982,2505,2,202
2528,7920965,2,269
2528,7920964,2,209
8451942,1649,2,219
2528,7920963,2,209
8451944,2020,2,191
7946077,1676,2,279
1744,4035799,2,207
2327,9416638,2,196
8367260,2221,2,268
4037257,1854,2,234
1847,7931329,2,249
7946159,2321,2,275
2528,7921200,2,244
1681,7931773,2,201
7946202,2321,2,198
9128524,2134,2,184
9128513,1966,2,189
2221,7922510,2,212
2221,7922511,2,212
1744,7647718,2,220
2221,7922512,2,406
1744,7647719,2,194
3785915,1871,2,211
7946208,2272,2,212
1695,4439499,2,202
4471839,2528,2,226
2373,3749736,2,270
1847,7931331,2,242
2347,3786051,2,246
1846,2314,2,125
1847,7931330,2,234
2347,3786050,2,246
9416184,1966,2,194
9416215,2347,2,189
7946202,1854,2,198
2221,1965,2,250
8985252,2209,2,193
7991697,1648,2,248
7275315,1966,2,189
2221,1967,2,400
1966,4036649,2,374
2422,4035819,2,227
1740,4677745,2,271
1740,4677746,2,234
8451971,2519,2,195
7946208,1876,2,212
7946169,1876,2,212
1806,7900041,2,242
1790,9415769,2,202
9416206,2528,2,234
7946168,1685,2,182
2403,2528,2,118
2139,4036780,2,228
2373,7899129,2,270
1685,7013390,2,212
2321,4036783,2,198
2015,3749735,2,285
2321,4036785,2,279
2321,4036784,2,275
9416216,2347,2,207
1847,2053,2,600
1854,4045001,2,238
1966,2220,2,126
2020,4036780,2,228
2221,7899577,2,243
1966,2222,2,400
2422,7898879,2,248
8007411,1847,2,249
2221,2036,2,255
1734,7931915,2,200
1734,7931914,2,221
2485,1676,2,127
8985192,2209,2,193
7991697,2528,2,248
1968,2221,2,540
8985197,2546,2,240
2209,7945891,2,210
1808,4036796,2,215
1808,4036797,2,195
1808,4036794,2,189
1808,4036795,2,207
1744,9384726,2,220
2327,7899136,2,251
8451943,2529,2,213
2435,5138171,2,244
2435,5138170,2,241
2327,7899137,2,196
1854,3893368,2,279
1849,8357858,2,277
1860,4035557,2,270
1860,4035558,2,251
7946171,2347,2,189
2422,7898880,2,247
4843455,1871,2,225
9416117,2221,2,209
3343768,2314,2,180
1966,1166835,2,360
1966,1166834,2,360
7946207,2495,2,207
2020,4036779,2,191
1854,3893367,2,275
1854,3893366,2,198
2491,7921216,2,198
9416248,1876,2,212
2250,9416309,2,220
2321,3893367,2,275
9416207,2528,2,222
2506,4036817,2,254
2384,3893399,2,233
2321,3893366,2,198
9416249,1808,2,189
8367263,1806,2,242
2321,3893368,2,279
9416242,1854,2,198
2422,9384726,2,220
7899668,2221,2,344
7946153,1649,2,213
4378363,2505,2,202
9416250,1808,2,215
9416214,1876,2,225
7946160,2321,2,279
7991818,2373,2,270
2528,8418736,2,234
2139,4036779,2,191
2528,7921198,2,235
2528,7921199,2,248
2085,5747229,2,240
4658219,1911,2,196
2485,2486,2,125
2491,7964974,2,192
7946076,2448,2,216
2528,1794,2,98
2209,4211807,2,223
7931949,1849,2,210
1971,1972,2,133
1964,1966,2,257
8451961,2347,2,189
7991804,1847,2,285
7946168,2495,2,182
8451950,2321,2,279
1695,7986499,2,213
2209,7275142,2,190
2209,4211806,2,223
2209,7275143,2,193
2209,4035731,2,223
6673110,1966,2,217
2209,4035730,2,223
2448,4035804,2,234
4658209,2055,2,185
2448,4035805,2,216
7946153,2529,2,213
7946086,2209,2,254
9416197,2139,2,191
9416362,1871,2,192
2221,4036822,2,374
9416203,1854,2,275
1860,5747227,2,270
2347,6446061,2,214
1860,5747228,2,251
9416243,2321,2,275
2486,4035808,2,207
2486,4035809,2,196
7946199,2529,2,219
2486,4035806,2,279
2486,4035807,2,267
1847,3893342,2,228
9416183,2221,2,207
1854,3893392,2,269
1847,3893343,2,216
1847,3893344,2,233
9416182,1966,2,209
7899743,1966,2,261
9416233,2221,2,207
4658206,2422,2,265
1847,3893341,2,222
5688818,2505,2,208
1847,3893340,2,256
4037270,2209,2,193
2505,7986499,2,213
7899526,2486,2,388
7991685,1648,2,235
7946082,2327,2,270
1685,4036791,2,182
9416217,1808,2,215
1806,4459251,2,242
1648,4036786,2,222
1847,3893339,2,249
1648,4036787,2,263
1685,4036790,2,207
8451969,1925,2,261
1944,6673028,2,233
2347,9416265,2,195
9416247,1685,2,207
1944,6673026,2,229
1944,6673027,2,230
1944,6673025,2,209
1847,5138223,2,270
1971,2227,2,99
7991823,2486,2,388
9416223,2250,2,239
2347,6446077,2,214
2232,7921188,2,198
1854,4036818,2,269
2232,7921187,2,207
1695,9416483,2,192
1695,9416482,2,218
2347,9416280,2,195
2347,6446076,2,214
1925,9416324,2,248
2085,5747230,2,214
7275316,1966,2,189
9416250,2347,2,215
8451943,1649,2,213
1911,9416005,2,234
7946154,2139,2,191
1911,9416004,2,240
9128566,2345,2,223
9416214,2272,2,225
7946084,2546,2,214
7946174,1808,2,195
2314,9296079,2,222
2250,9416257,2,239
9416211,2495,2,207
6591541,1966,2,237
2209,4036978,2,199
2209,4036979,2,193
2272,4036793,2,225
7946171,1808,2,189
2272,4036792,2,212
7899670,2221,2,368
7991817,2134,2,244
2314,9296078,2,249
2236,9048857,2,205
1966,7986272,2,261
1966,7899616,2,301
3785914,2301,2,211
7946179,2250,2,239
8451964,1808,2,195
2093,4035803,2,193
9416239,1649,2,219
2236,9416180,2,234
2093,4035802,2,229
1925,9416309,2,220
1695,4458792,2,199
7275319,1774,2,191
1695,4458791,2,213
2314,9296081,2,216
2314,9296080,2,270
2085,4035814,2,214
2505,4378069,2,205
2236,9416179,2,240
2085,4035813,2,240
8451944,2139,2,191
7946199,1649,2,219
2236,9416178,2,217
2314,9296082,2,233
9416741,2199,2,211
1793,2528,2,162
9128576,2134,2,184
8451942,2529,2,219
1808,4124835,2,215
2223,2221,2,540
7931948,1849,2,210
1966,7899984,2,237
2435,3893345,2,241
1966,7899985,2,217
1966,7899986,2,374
2435,3893346,2,199
1806,7986271,2,223
2327,9416670,2,196
1966,7899983,2,237
7946205,1648,2,222
1806,9296093,2,199
4658207,1744,2,192
2250,9416268,2,248
1911,9048857,2,205
7946163,1648,2,222
2314,8379521,2,225
9416212,2495,2,182
2491,7964947,2,201
1648,3893369,2,242
7931496,2321,2,234
7899666,2344,2,195
2505,4378048,2,202
1793,1648,2,126
2505,4378049,2,221
4378353,1808,2,253
8985197,2085,2,240
1925,7946490,2,239
1925,7946491,2,248
4843813,2301,2,192
1648,3893370,2,269
1648,3893371,2,226
7946075,1703,2,234
8451945,2139,2,228
2085,4036977,2,214
7946169,2272,2,212
2085,4036976,2,240
2055,4009055,2,196
2505,4284930,2,216
2055,4009054,2,224
1676,2484,2,247
2199,8926234,2,198
1757,3893345,2,241
7946172,2347,2,207
7946164,2528,2,263
1757,3893346,2,199
1681,7964974,2,192
2199,8926235,2,198
1871,3781648,2,225
2076,2209,2,55
1871,3781649,2,192
1985,4035801,2,231
8367260,1966,2,268
1808,9416280,2,195
8007357,1954,2,223
1966,7932206,2,301
1985,4035800,2,216
9416211,1685,2,207
6563573,2519,2,189
2384,2383,2,99
8451951,1648,2,242
2250,9416283,2,248
1854,7931897,2,279
1860,1861,2,60
1966,4036822,2,374
1860,9416638,2,196
1854,7931894,2,237
2301,3781649,2,192
2384,7921178,2,216
1854,7931896,2,275
1854,7931895,2,266
9128513,2221,2,189
2384,7921177,2,216
7991803,2226,2,195
2301,3781648,2,225
1847,7900222,2,234
1847,7900223,2,228
1847,7900220,2,249
1847,7900221,2,256
2313,1847,2,88
2505,4284929,2,201
1854,7946357,2,279
1854,7946358,2,275
1648,2404,2,116
2314,2053,2,600
1854,7946359,2,266
7899665,1681,2,198
2321,4036818,2,269
8985252,1954,2,193
2418,4677675,2,271
2418,4677676,2,234
8367259,2221,2,268
1847,7900224,2,242
1847,9416509,2,249
9416245,2528,2,222
1774,2383,2,71
9416740,2199,2,207
1954,7275142,2,190
7946173,2347,2,215
4130576,1876,2,225
2055,4035821,2,185
2412,3893390,2,200
2314,9128463,2,222
2314,9128462,2,222
8985250,1860,2,270
1808,9416265,2,195
1954,7275143,2,193
9416247,2495,2,207
2321,7931555,2,234
7946210,1808,2,215
2080,4035803,2,193
2080,4035802,2,229
1954,4037048,2,254
9416224,1925,2,248
8451970,2250,2,248
2250,4036803,2,248
2250,4036802,2,261
1757,5138171,2,244
2015,8357915,2,285
1757,5138170,2,241
2199,9417069,2,195
2345,4037241,2,242
8451962,2347,2,207
2199,9417061,2,207
7275317,2221,2,368
2199,9417062,2,207
2199,9048929,2,198
1808,9416254,2,204
1847,9296078,2,249
1847,9296079,2,222
2347,3813528,2,198
1847,9416528,2,242
2347,3813529,2,201
2208,2209,2,100
9416248,2272,2,212
7946087,1954,2,199
2418,4677657,2,276
2321,7931535,2,238
2221,4037199,2,368
6673109,2221,2,217
9128568,1966,2,189
2076,1954,2,70
2221,4037198,2,194
8007365,1971,2,195
2221,4037197,2,207
1925,9416268,2,248
5688819,2505,2,315
6563573,1639,2,189
2221,2155,2,284
2221,4037196,2,281
3730628,2505,2,221
7920900,2384,2,226
8007412,2314,2,234
1971,9128464,2,230
1847,9296082,2,233
2347,9416254,2,204
7946075,2448,2,234
1847,9296080,2,270
1847,9416512,2,236
1847,9296081,2,216
2506,4458795,2,261
1847,9416510,2,256
1847,9416511,2,234
1925,9416283,2,248
2055,4009085,2,199
2055,4009086,2,254
2506,4458789,2,259
6673109,1966,2,217
7946170,1876,2,225
1860,9416670,2,196
6591541,2221,2,237
4658258,2055,2,201
2221,9296092,2,217
7946174,2347,2,195
2327,1861,2,70
2221,9296094,2,243
2221,9296091,2,368
2221,7921220,2,374
2345,7921180,2,242
2486,4035810,2,278
9416213,2272,2,212
1757,7946301,2,199
1757,7946302,2,241
1790,3781645,2,202
8451957,1685,2,207
1944,9362052,2,205
1790,3781644,2,315
1944,9362051,2,225
9416196,1649,2,213
9416342,2301,2,211
2400,9415769,2,202
9416205,1648,2,242
2505,7986501,2,315
2505,7986500,2,193
9128561,2316,2,245
6563570,1696,2,254
2221,4036649,2,374
1648,7921198,2,235
3785914,1871,2,211
1925,9416257,2,239
1648,7921199,2,248
1847,7900286,2,233
2221,7921219,2,282
