route_id,service_id,trip_id,trip_headsign,trip_short_name,direction_id,shape_id
1620652,87282,10000872820081804,45925,45925,0,
1620652,87282,1000872820081804,45925,45925,0,
1620652,87282,100872820081804,45925,45925,0,
1620652,87282,10200872820081804,45925,45925,0,
1620652,87282,10300872820081804,45925,45925,0,
1620652,87282,10400872820081804,45925,45925,0,
1620652,87282,10500872820081804,45925,45925,0,
1620652,87282,10600872820081804,45925,45925,0,
1620652,87282,10700872820081804,45925,45925,0,
1620652,87282,10800872820081804,45925,45925,0,
1620652,87282,10900872820081804,45925,45925,0,
1620652,87282,11000872820081804,45925,45925,0,
1620652,87282,1100872820081804,45925,45925,0,
1620652,87282,11100872820081804,45925,45925,0,
1620652,87282,11200872820081804,45925,45925,0,
1620652,87282,11300872820081804,45925,45925,0,
1620652,87282,11400872820081804,45925,45925,0,
1620652,87282,11500872820081804,45925,45925,0,
1620652,87282,11700872820081804,45925,45925,0,
1620652,87282,11800872820081804,45925,45925,0,
1620652,87282,11900872820081804,45925,45925,0,
1620652,87282,12000872820081804,45925,45925,0,
1620652,87282,1200872820081804,45925,45925,0,
1620652,87282,12100872820081804,45925,45925,0,
1620652,87282,12200872820081804,45925,45925,0,
1620652,87282,12300872820081804,45925,45925,0,
1620652,87282,12400872820081804,45925,45925,0,
1620652,87282,12500872820081804,45925,45925,0,
1620652,87282,12600872820081804,45925,45925,0,
1620652,87282,12700872820081804,45925,45925,0,
1620652,87282,12800872820081804,45925,45925,0,
1620652,87282,13000872820081804,45925,45925,0,
1620652,87282,1300872820081804,45925,45925,0,
1620652,87282,13100872820081804,45925,45925,0,
1620652,87282,13200872820081804,45925,45925,0,
1620652,87282,13300872820081804,45925,45925,0,
1620652,87282,13400872820081804,45925,45925,0,
1620652,87282,13500872820081804,45925,45925,0,
1620652,87282,13600872820081804,45925,45925,0,
1620652,87282,13700872820081804,45925,45925,0,
1620652,87282,13800872820081804,45925,45925,0,
1620652,87282,13900872820081804,45925,45925,0,
1620652,87282,14000872820081804,45925,45925,0,
1620652,87282,14100872820081804,45925,45925,0,
1620652,87282,14200872820081804,45925,45925,0,
1620652,87282,14300872820081804,45925,45925,0,
1620652,87282,14400872820081804,45925,45925,0,
1620652,87282,14500872820081804,45925,45925,0,
1620652,87282,14700872820081804,45925,45925,0,
1620652,87282,14800872820081804,45925,45925,0,
1620652,87282,14900872820081804,45925,45925,0,
1620652,87282,15000872820081804,45925,45925,0,
1620652,87282,15100872820081804,45925,45925,0,
1620652,87282,15200872820081804,45925,45925,0,
1620652,87282,1600872820081804,45925,45925,0,
1620652,87282,1700872820081804,45925,45925,0,
1620652,87282,1800872820081804,45925,45925,0,
1620652,87282,1900872820081804,45925,45925,0,
1620652,87282,2000872820081804,45925,45925,0,
1620652,87282,200872820081804,45925,45925,0,
1620652,87282,2100872820081804,45925,45925,0,
1620652,87282,2200872820081804,45925,45925,0,
1620652,87282,2300872820081804,45925,45925,0,
1620652,87282,2400872820081804,45925,45925,0,
1620652,87282,2500872820081804,45925,45925,0,
1620652,87282,2700872820081804,45925,45925,0,
1620652,87282,2800872820081804,45925,45925,0,
1620652,87282,2900872820081804,45925,45925,0,
1620652,87282,3000872820081804,45925,45925,0,
1620652,87282,300872820081804,45925,45925,0,
1620652,87282,3100872820081804,45925,45925,0,
1620652,87282,3200872820081804,45925,45925,0,
1620652,87282,3300872820081804,45925,45925,0,
1620652,87282,3400872820081804,45925,45925,0,
1620652,87282,3500872820081804,45925,45925,0,
1620652,87282,3600872820081804,45925,45925,0,
1620652,87282,3700872820081804,45925,45925,0,
1620652,87282,3800872820081804,45925,45925,0,
1620652,87282,3900872820081804,45925,45925,0,
1620652,87282,4000872820081804,45925,45925,0,
1620652,87282,400872820081804,45925,45925,0,
1620652,87282,4200872820081804,45925,45925,0,
1620652,87282,4300872820081804,45925,45925,0,
1620652,87282,4400872820081804,45925,45925,0,
1620652,87282,4500872820081804,45925,45925,0,
1620652,87282,4600872820081804,45925,45925,0,
1620652,87282,4700872820081804,45925,45925,0,
1620652,87282,4800872820081804,45925,45925,0,
1620652,87282,4900872820081804,45925,45925,0,
1620652,87282,5000872820081804,45925,45925,0,
1620652,87282,500872820081804,45925,45925,0,
1620652,87282,5100872820081804,45925,45925,0,
1620652,87282,5200872820081804,45925,45925,0,
1620652,87282,5300872820081804,45925,45925,0,
1620652,87282,5400872820081804,45925,45925,0,
1620652,87282,5500872820081804,45925,45925,0,
1620652,87282,5600872820081804,45925,45925,0,
1620652,87282,5800872820081804,45925,45925,0,
1620652,87282,5900872820081804,45925,45925,0,
1620652,87282,6000872820081804,45925,45925,0,
1620652,87282,600872820081804,45925,45925,0,
1620652,87282,6100872820081804,45925,45925,0,
1620652,87282,6200872820081804,45925,45925,0,
1620652,87282,6300872820081804,45925,45925,0,
1620652,87282,6400872820081804,45925,45925,0,
1620652,87282,6500872820081804,45925,45925,0,
1620652,87282,6600872820081804,45925,45925,0,
1620652,87282,6700872820081804,45925,45925,0,
1620652,87282,6800872820081804,45925,45925,0,
1620652,87282,7000872820081804,45925,45925,0,
1620652,87282,700872820081804,45925,45925,0,
1620652,87282,7100872820081804,45925,45925,0,
1620652,87282,7200872820081804,45925,45925,0,
1620652,87282,7300872820081804,45925,45925,0,
1620652,87282,7400872820081804,45925,45925,0,
1620652,87282,7500872820081804,45925,45925,0,
1620652,87282,7600872820081804,45925,45925,0,
1620652,87282,7700872820081804,45925,45925,0,
1620652,87282,7800872820081804,45925,45925,0,
1620652,87282,7900872820081804,45925,45925,0,
1620652,87282,8000872820081804,45925,45925,0,
1620652,87282,800872820081804,45925,45925,0,
1620652,87282,8100872820081804,45925,45925,0,
1620652,87282,8200872820081804,45925,45925,0,
1620652,87282,8300872820081804,45925,45925,0,
1620652,87282,8400872820081804,45925,45925,0,
1620652,87282,8500872820081804,45925,45925,0,
1620652,87282,8700872820081804,45925,45925,0,
1620652,87282,8800872820081804,45925,45925,0,
1620652,87282,8900872820081804,45925,45925,0,
1620652,87282,9000872820081804,45925,45925,0,
1620652,87282,900872820081804,45925,45925,0,
1620652,87282,9100872820081804,45925,45925,0,
1620652,87282,9200872820081804,45925,45925,0,
1620652,87282,9300872820081804,45925,45925,0,
1620652,87282,9400872820081804,45925,45925,0,
1620652,87282,9500872820081804,45925,45925,0,
1620652,87282,9600872820081804,45925,45925,0,
1620652,87282,9700872820081804,45925,45925,0,
1620652,87282,9800872820081804,45925,45925,0,
1620652,87282,9900872820081804,45925,45925,0,
1620652,87283,10000872830081806,9525,9525,0,
1620652,87283,1000872830081806,9525,9525,0,
1620652,87283,100872830081806,9525,9525,0,
1620652,87283,10100872830081806,9525,9525,0,
1620652,87283,10200872830081806,9525,9525,0,
1620652,87283,10300872830081806,9525,9525,0,
1620652,87283,10400872830081806,9525,9525,0,
1620652,87283,10600872830081806,9525,9525,0,
1620652,87283,10700872830081806,9525,9525,0,
1620652,87283,10800872830081806,9525,9525,0,
1620652,87283,10900872830081806,9525,9525,0,
1620652,87283,11000872830081806,9525,9525,0,
1620652,87283,1100872830081806,9525,9525,0,
1620652,87283,11100872830081806,9525,9525,0,
1620652,87283,11200872830081806,9525,9525,0,
1620652,87283,11300872830081806,9525,9525,0,
1620652,87283,11400872830081806,9525,9525,0,
1620652,87283,11500872830081806,9525,9525,0,
1620652,87283,11600872830081806,9525,9525,0,
1620652,87283,11700872830081806,9525,9525,0,
1620652,87283,11800872830081806,9525,9525,0,
1620652,87283,11900872830081806,9525,9525,0,
1620652,87283,1200872830081806,9525,9525,0,
1620652,87283,12100872830081806,9525,9525,0,
1620652,87283,12200872830081806,9525,9525,0,
1620652,87283,12300872830081806,9525,9525,0,
1620652,87283,12400872830081806,9525,9525,0,
1620652,87283,12500872830081806,9525,9525,0,
1620652,87283,12600872830081806,9525,9525,0,
1620652,87283,12700872830081806,9525,9525,0,
1620652,87283,12800872830081806,9525,9525,0,
1620652,87283,12900872830081806,9525,9525,0,
1620652,87283,13000872830081806,9525,9525,0,
1620652,87283,1300872830081806,9525,9525,0,
1620652,87283,13100872830081806,9525,9525,0,
1620652,87283,13200872830081806,9525,9525,0,
1620652,87283,13300872830081806,9525,9525,0,
1620652,87283,13400872830081806,9525,9525,0,
1620652,87283,13500872830081806,9525,9525,0,
1620652,87283,13700872830081806,9525,9525,0,
1620652,87283,13800872830081806,9525,9525,0,
1620652,87283,13900872830081806,9525,9525,0,
1620652,87283,14000872830081806,9525,9525,0,
1620652,87283,1400872830081806,9525,9525,0,
1620652,87283,14100872830081806,9525,9525,0,
1620652,87283,14200872830081806,9525,9525,0,
1620652,87283,14300872830081806,9525,9525,0,
1620652,87283,14400872830081806,9525,9525,0,
1620652,87283,14500872830081806,9525,9525,0,
1620652,87283,14600872830081806,9525,9525,0,
1620652,87283,14700872830081806,9525,9525,0,
1620652,87283,14800872830081806,9525,9525,0,
1620652,87283,14900872830081806,9525,9525,0,
1620652,87283,15000872830081806,9525,9525,0,
1620652,87283,15100872830081806,9525,9525,0,
1620652,87283,1600872830081806,9525,9525,0,
1620652,87283,1700872830081806,9525,9525,0,
1620652,87283,1800872830081806,9525,9525,0,
1620652,87283,1900872830081806,9525,9525,0,
1620652,87283,2000872830081806,9525,9525,0,
1620652,87283,200872830081806,9525,9525,0,
1620652,87283,2100872830081806,9525,9525,0,
1620652,87283,2200872830081806,9525,9525,0,
1620652,87283,2300872830081806,9525,9525,0,
1620652,87283,2400872830081806,9525,9525,0,
1620652,87283,2500872830081806,9525,9525,0,
1620652,87283,2600872830081806,9525,9525,0,
1620652,87283,2700872830081806,9525,9525,0,
1620652,87283,2800872830081806,9525,9525,0,
1620652,87283,2900872830081806,9525,9525,0,
1620652,87283,3000872830081806,9525,9525,0,
1620652,87283,300872830081806,9525,9525,0,
1620652,87283,3100872830081806,9525,9525,0,
1620652,87283,3200872830081806,9525,9525,0,
1620652,87283,3300872830081806,9525,9525,0,
1620652,87283,3400872830081806,9525,9525,0,
1620652,87283,3500872830081806,9525,9525,0,
1620652,87283,3600872830081806,9525,9525,0,
1620652,87283,3700872830081806,9525,9525,0,
1620652,87283,3800872830081806,9525,9525,0,
1620652,87283,3900872830081806,9525,9525,0,
1620652,87283,4000872830081806,9525,9525,0,
1620652,87283,400872830081806,9525,9525,0,
1620652,87283,4100872830081806,9525,9525,0,
1620652,87283,4200872830081806,9525,9525,0,
1620652,87283,4300872830081806,9525,9525,0,
1620652,87283,4400872830081806,9525,9525,0,
1620652,87283,4500872830081806,9525,9525,0,
1620652,87283,4600872830081806,9525,9525,0,
1620652,87283,4700872830081806,9525,9525,0,
1620652,87283,4800872830081806,9525,9525,0,
1620652,87283,4900872830081806,9525,9525,0,
1620652,87283,5000872830081806,9525,9525,0,
1620652,87283,500872830081806,9525,9525,0,
1620652,87283,5100872830081806,9525,9525,0,
1620652,87283,5200872830081806,9525,9525,0,
1620652,87283,5300872830081806,9525,9525,0,
1620652,87283,5400872830081806,9525,9525,0,
1620652,87283,5500872830081806,9525,9525,0,
1620652,87283,5600872830081806,9525,9525,0,
1620652,87283,5700872830081806,9525,9525,0,
1620652,87283,5800872830081806,9525,9525,0,
1620652,87283,5900872830081806,9525,9525,0,
1620652,87283,6000872830081806,9525,9525,0,
1620652,87283,600872830081806,9525,9525,0,
1620652,87283,6100872830081806,9525,9525,0,
1620652,87283,6200872830081806,9525,9525,0,
1620652,87283,6300872830081806,9525,9525,0,
1620652,87283,6400872830081806,9525,9525,0,
1620652,87283,6500872830081806,9525,9525,0,
1620652,87283,6600872830081806,9525,9525,0,
1620652,87283,6700872830081806,9525,9525,0,
1620652,87283,6800872830081806,9525,9525,0,
1620652,87283,6900872830081806,9525,9525,0,
1620652,87283,7000872830081806,9525,9525,0,
1620652,87283,700872830081806,9525,9525,0,
1620652,87283,7100872830081806,9525,9525,0,
1620652,87283,7200872830081806,9525,9525,0,
1620652,87283,7300872830081806,9525,9525,0,
1620652,87283,7400872830081806,9525,9525,0,
1620652,87283,7500872830081806,9525,9525,0,
1620652,87283,7600872830081806,9525,9525,0,
1620652,87283,7700872830081806,9525,9525,0,
1620652,87283,7800872830081806,9525,9525,0,
1620652,87283,7900872830081806,9525,9525,0,
1620652,87283,8000872830081806,9525,9525,0,
1620652,87283,800872830081806,9525,9525,0,
1620652,87283,8100872830081806,9525,9525,0,
1620652,87283,8200872830081806,9525,9525,0,
1620652,87283,8300872830081806,9525,9525,0,
1620652,87283,8400872830081806,9525,9525,0,
1620652,87283,8500872830081806,9525,9525,0,
1620652,87283,8600872830081806,9525,9525,0,
1620652,87283,8700872830081806,9525,9525,0,
1620652,87283,8800872830081806,9525,9525,0,
1620652,87283,8900872830081806,9525,9525,0,
1620652,87283,9000872830081806,9525,9525,0,
1620652,87283,900872830081806,9525,9525,0,
1620652,87283,9100872830081806,9525,9525,0,
1620652,87283,9200872830081806,9525,9525,0,
1620652,87283,9300872830081806,9525,9525,0,
1620652,87283,9400872830081806,9525,9525,0,
1620652,87283,9500872830081806,9525,9525,0,
1620652,87283,9600872830081806,9525,9525,0,
1620652,87283,9700872830081806,9525,9525,0,
1620652,87283,9800872830081806,9525,9525,0,
1620652,87283,9900872830081806,9525,9525,0,
1620652,2335221,10023352211618217,81806,81806,0,
1620652,2335222,10023352221618217,81806,81806,0,
1620652,2335223,10023352231618217,81806,81806,0,
1620652,2338800,10023388001618217,81806,81806,0,
1620652,2335221,10123352211618217,81806,81806,0,
1620652,2335222,10123352221618217,81806,81806,0,
1620652,2335223,10123352231618217,81806,81806,0,
1620652,2338800,10123388001618217,81806,81806,0,
1620652,2335221,10223352211618217,81806,81806,0,
1620652,2335222,10223352221618217,81806,81806,0,
1620652,2335223,10223352231618217,81806,81806,0,
1620652,2338800,10223388001618217,81806,81806,0,
1620652,2335221,1023352211618217,81806,81806,0,
1620652,2335222,1023352221618217,81806,81806,0,
1620652,2335223,1023352231618217,81806,81806,0,
1620652,2338800,1023388001618217,81806,81806,0,
1620652,2335221,10323352211618217,81806,81806,0,
1620652,2335222,10323352221618217,81806,81806,0,
1620652,2335223,10323352231618217,81806,81806,0,
1620652,2338800,10323388001618217,81806,81806,0,
1620652,2335221,10423352211618217,81806,81806,0,
1620652,2335222,10423352221618217,81806,81806,0,
1620652,2335223,10423352231618217,81806,81806,0,
1620652,2338800,10423388001618217,81806,81806,0,
1620652,2335221,10523352211618217,81806,81806,0,
1620652,2335222,10523352221618217,81806,81806,0,
1620652,2335223,10523352231618217,81806,81806,0,
1620652,2338800,10523388001618217,81806,81806,0,
1620652,2335221,10623352211618217,81806,81806,0,
1620652,2335222,10623352221618217,81806,81806,0,
1620652,2335223,10623352231618217,81806,81806,0,
1620652,2338800,10623388001618217,81806,81806,0,
1620652,2335221,10723352211618217,81806,81806,0,
1620652,2335222,10723352221618217,81806,81806,0,
1620652,2335223,10723352231618217,81806,81806,0,
1620652,2338800,10723388001618217,81806,81806,0,
1620652,2335221,10823352211618217,81806,81806,0,
1620652,2335222,10823352221618217,81806,81806,0,
1620652,2335223,10823352231618217,81806,81806,0,
1620652,2338800,10823388001618217,81806,81806,0,
1620652,2335221,10923352211618217,81806,81806,0,
1620652,2335222,10923352221618217,81806,81806,0,
1620652,2335223,10923352231618217,81806,81806,0,
1620652,2338800,10923388001618217,81806,81806,0,
1620652,2335221,11023352211618217,81806,81806,0,
1620652,2335222,11023352221618217,81806,81806,0,
1620652,2335223,11023352231618217,81806,81806,0,
1620652,2338800,11023388001618217,81806,81806,0,
1620652,2335221,11123352211618217,81806,81806,0,
1620652,2335222,11123352221618217,81806,81806,0,
1620652,2335223,11123352231618217,81806,81806,0,
1620652,2338800,11123388001618217,81806,81806,0,
1620652,2335221,11223352211618217,81806,81806,0,
1620652,2335222,11223352221618217,81806,81806,0,
1620652,2335223,11223352231618217,81806,81806,0,
1620652,2338800,11223388001618217,81806,81806,0,
1620652,2335221,1123352211618217,81806,81806,0,
1620652,2335222,1123352221618217,81806,81806,0,
1620652,2335223,1123352231618217,81806,81806,0,
1620652,2338800,1123388001618217,81806,81806,0,
1620652,2335221,11323352211618217,81806,81806,0,
1620652,2335222,11323352221618217,81806,81806,0,
1620652,2335223,11323352231618217,81806,81806,0,
1620652,2338800,11323388001618217,81806,81806,0,
1620652,2335221,11423352211618217,81806,81806,0,
1620652,2335222,11423352221618217,81806,81806,0,
1620652,2335223,11423352231618217,81806,81806,0,
1620652,2338800,11423388001618217,81806,81806,0,
1620652,2335221,11523352211618217,81806,81806,0,
1620652,2335222,11523352221618217,81806,81806,0,
1620652,2335223,11523352231618217,81806,81806,0,
1620652,2338800,11523388001618217,81806,81806,0,
1620652,2335221,11623352211618217,81806,81806,0,
1620652,2335222,11623352221618217,81806,81806,0,
1620652,2335223,11623352231618217,81806,81806,0,
1620652,2338800,11623388001618217,81806,81806,0,
1620652,2335221,11723352211618217,81806,81806,0,
1620652,2335222,11723352221618217,81806,81806,0,
1620652,2335223,11723352231618217,81806,81806,0,
1620652,2338800,11723388001618217,81806,81806,0,
1620652,2335221,11823352211618217,81806,81806,0,
1620652,2335222,11823352221618217,81806,81806,0,
1620652,2335223,11823352231618217,81806,81806,0,
1620652,2338800,11823388001618217,81806,81806,0,
1620652,2335221,11923352211618217,81806,81806,0,
1620652,2335222,11923352221618217,81806,81806,0,
1620652,2335223,11923352231618217,81806,81806,0,
1620652,2338800,11923388001618217,81806,81806,0,
1620652,2335221,12023352211618217,81806,81806,0,
1620652,2335222,12023352221618217,81806,81806,0,
1620652,2335223,12023352231618217,81806,81806,0,
1620652,2338800,12023388001618217,81806,81806,0,
1620652,2335221,12123352211618217,81806,81806,0,
1620652,2335222,12123352221618217,81806,81806,0,
1620652,2335223,12123352231618217,81806,81806,0,
1620652,2338800,12123388001618217,81806,81806,0,
1620652,2335221,12223352211618217,81806,81806,0,
1620652,2335222,12223352221618217,81806,81806,0,
1620652,2335223,12223352231618217,81806,81806,0,
1620652,2338800,12223388001618217,81806,81806,0,
1620652,2335221,1223352211618217,81806,81806,0,
1620652,2335222,1223352221618217,81806,81806,0,
1620652,2335223,1223352231618217,81806,81806,0,
1620652,2338800,1223388001618217,81806,81806,0,
1620652,2335221,12323352211618217,81806,81806,0,
1620652,2335222,12323352221618217,81806,81806,0,
1620652,2335223,12323352231618217,81806,81806,0,
1620652,2338800,12323388001618217,81806,81806,0,
1620652,2335221,123352211618217,81806,81806,0,
1620652,2335222,123352221618217,81806,81806,0,
1620652,2335223,123352231618217,81806,81806,0,
1620652,2338800,123388001618217,81806,81806,0,
1620652,2335221,12423352211618217,81806,81806,0,
1620652,2335222,12423352221618217,81806,81806,0,
1620652,2335223,12423352231618217,81806,81806,0,
1620652,2338800,12423388001618217,81806,81806,0,
1620652,2335221,12523352211618217,81806,81806,0,
1620652,2335222,12523352221618217,81806,81806,0,
1620652,2335223,12523352231618217,81806,81806,0,
1620652,2338800,12523388001618217,81806,81806,0,
1620652,2335221,12623352211618217,81806,81806,0,
1620652,2335222,12623352221618217,81806,81806,0,
1620652,2335223,12623352231618217,81806,81806,0,
1620652,2338800,12623388001618217,81806,81806,0,
1620652,2335221,12723352211618217,81806,81806,0,
1620652,2335222,12723352221618217,81806,81806,0,
1620652,2335223,12723352231618217,81806,81806,0,
1620652,2338800,12723388001618217,81806,81806,0,
1620652,2335221,12823352211618217,81806,81806,0,
1620652,2335222,12823352221618217,81806,81806,0,
1620652,2335223,12823352231618217,81806,81806,0,
1620652,2338800,12823388001618217,81806,81806,0,
1620652,2335221,12923352211618217,81806,81806,0,
1620652,2335222,12923352221618217,81806,81806,0,
1620652,2335223,12923352231618217,81806,81806,0,
1620652,2338800,12923388001618217,81806,81806,0,
1620652,2335221,13023352211618217,81806,81806,0,
1620652,2335222,13023352221618217,81806,81806,0,
1620652,2335223,13023352231618217,81806,81806,0,
1620652,2338800,13023388001618217,81806,81806,0,
1620652,2335221,13123352211618217,81806,81806,0,
1620652,2335222,13123352221618217,81806,81806,0,
1620652,2335223,13123352231618217,81806,81806,0,
1620652,2338800,13123388001618217,81806,81806,0,
1620652,2335221,13223352211618217,81806,81806,0,
1620652,2335222,13223352221618217,81806,81806,0,
1620652,2335223,13223352231618217,81806,81806,0,
1620652,2338800,13223388001618217,81806,81806,0,
1620652,2335221,1323352211618217,81806,81806,0,
1620652,2335222,1323352221618217,81806,81806,0,
1620652,2335223,1323352231618217,81806,81806,0,
1620652,2338800,1323388001618217,81806,81806,0,
1620652,2335221,13323352211618217,81806,81806,0,
1620652,2335222,13323352221618217,81806,81806,0,
1620652,2335223,13323352231618217,81806,81806,0,
1620652,2338800,13323388001618217,81806,81806,0,
1620652,2335221,13423352211618217,81806,81806,0,
1620652,2335222,13423352221618217,81806,81806,0,
1620652,2335223,13423352231618217,81806,81806,0,
1620652,2338800,13423388001618217,81806,81806,0,
1620652,2335221,13523352211618217,81806,81806,0,
1620652,2335222,13523352221618217,81806,81806,0,
1620652,2335223,13523352231618217,81806,81806,0,
1620652,2338800,13523388001618217,81806,81806,0,
1620652,2335221,13623352211618217,81806,81806,0,
1620652,2335222,13623352221618217,81806,81806,0,
1620652,2335223,13623352231618217,81806,81806,0,
1620652,2338800,13623388001618217,81806,81806,0,
1620652,2335221,13723352211618217,81806,81806,0,
1620652,2335222,13723352221618217,81806,81806,0,
1620652,2335223,13723352231618217,81806,81806,0,
1620652,2338800,13723388001618217,81806,81806,0,
1620652,2335221,13823352211618217,81806,81806,0,
1620652,2335222,13823352221618217,81806,81806,0,
1620652,2335223,13823352231618217,81806,81806,0,
1620652,2338800,13823388001618217,81806,81806,0,
1620652,2335221,13923352211618217,81806,81806,0,
1620652,2335222,13923352221618217,81806,81806,0,
1620652,2335223,13923352231618217,81806,81806,0,
1620652,2338800,13923388001618217,81806,81806,0,
1620652,2335221,14023352211618217,81806,81806,0,
1620652,2335222,14023352221618217,81806,81806,0,
1620652,2335223,14023352231618217,81806,81806,0,
1620652,2338800,14023388001618217,81806,81806,0,
1620652,2335221,14123352211618217,81806,81806,0,
1620652,2335222,14123352221618217,81806,81806,0,
1620652,2335223,14123352231618217,81806,81806,0,
1620652,2338800,14123388001618217,81806,81806,0,
1620652,2335221,14223352211618217,81806,81806,0,
1620652,2335222,14223352221618217,81806,81806,0,
1620652,2335223,14223352231618217,81806,81806,0,
1620652,2338800,14223388001618217,81806,81806,0,
1620652,2335221,1423352211618217,81806,81806,0,
1620652,2335222,1423352221618217,81806,81806,0,
1620652,2335223,1423352231618217,81806,81806,0,
1620652,2338800,1423388001618217,81806,81806,0,
1620652,2335221,14323352211618217,81806,81806,0,
1620652,2335222,14323352221618217,81806,81806,0,
1620652,2335223,14323352231618217,81806,81806,0,
1620652,2338800,14323388001618217,81806,81806,0,
1620652,2335221,14423352211618217,81806,81806,0,
1620652,2335222,14423352221618217,81806,81806,0,
1620652,2335223,14423352231618217,81806,81806,0,
1620652,2338800,14423388001618217,81806,81806,0,
1620652,2335221,14523352211618217,81806,81806,0,
1620652,2335222,14523352221618217,81806,81806,0,
1620652,2335223,14523352231618217,81806,81806,0,
1620652,2338800,14523388001618217,81806,81806,0,
1620652,2335221,14623352211618217,81806,81806,0,
1620652,2335222,14623352221618217,81806,81806,0,
1620652,2335223,14623352231618217,81806,81806,0,
1620652,2338800,14623388001618217,81806,81806,0,
1620652,2335221,14723352211618217,81806,81806,0,
1620652,2335222,14723352221618217,81806,81806,0,
1620652,2335223,14723352231618217,81806,81806,0,
1620652,2338800,14723388001618217,81806,81806,0,
1620652,2335222,14823352221618217,81806,81806,0,
1620652,2335223,14823352231618217,81806,81806,0,
1620652,2338800,14823388001618217,81806,81806,0,
1620652,2335222,14923352221618217,81806,81806,0,
1620652,2335223,14923352231618217,81806,81806,0,
1620652,2338800,14923388001618217,81806,81806,0,
1620652,2335221,15023352211618217,81806,81806,0,
1620652,2335222,15023352221618217,81806,81806,0,
1620652,2335223,15023352231618217,81806,81806,0,
1620652,2338800,15023388001618217,81806,81806,0,
1620652,2335221,15123352211618217,81806,81806,0,
1620652,2335222,15123352221618217,81806,81806,0,
1620652,2335223,15123352231618217,81806,81806,0,
1620652,2338800,15123388001618217,81806,81806,0,
1620652,2335221,15223352211618217,81806,81806,0,
1620652,2335222,15223352221618217,81806,81806,0,
1620652,2335223,15223352231618217,81806,81806,0,
1620652,2338800,15223388001618217,81806,81806,0,
1620652,2335221,1523352211618217,81806,81806,0,
1620652,2335222,1523352221618217,81806,81806,0,
1620652,2335223,1523352231618217,81806,81806,0,
1620652,2338800,1523388001618217,81806,81806,0,
1620652,2335222,15323352221618217,81806,81806,0,
1620652,2335223,15323352231618217,81806,81806,0,
1620652,2338800,15323388001618217,81806,81806,0,
1620652,2335222,15423352221618217,81806,81806,0,
1620652,2335223,15423352231618217,81806,81806,0,
1620652,2338800,15423388001618217,81806,81806,0,
1620652,2335223,15523352231618217,81806,81806,0,
1620652,2338800,15523388001618217,81806,81806,0,
1620652,2335223,15623352231618217,81806,81806,0,
1620652,2338800,15623388001618217,81806,81806,0,
1620652,2338800,15723388001618217,81806,81806,0,
1620652,2338800,15823388001618217,81806,81806,0,
1620652,2338800,15923388001618217,81806,81806,0,
1620652,2335221,1623352211618217,81806,81806,0,
1620652,2335222,1623352221618217,81806,81806,0,
1620652,2335223,1623352231618217,81806,81806,0,
1620652,2338800,1623388001618217,81806,81806,0,
1620652,2335221,1723352211618217,81806,81806,0,
1620652,2335222,1723352221618217,81806,81806,0,
1620652,2335223,1723352231618217,81806,81806,0,
1620652,2338800,1723388001618217,81806,81806,0,
1620652,2335221,1823352211618217,81806,81806,0,
1620652,2335222,1823352221618217,81806,81806,0,
1620652,2335223,1823352231618217,81806,81806,0,
1620652,2338800,1823388001618217,81806,81806,0,
1620652,2335221,1923352211618217,81806,81806,0,
1620652,2335222,1923352221618217,81806,81806,0,
1620652,2335223,1923352231618217,81806,81806,0,
1620652,2338800,1923388001618217,81806,81806,0,
1620652,2335221,2023352211618217,81806,81806,0,
1620652,2335222,2023352221618217,81806,81806,0,
1620652,2335223,2023352231618217,81806,81806,0,
1620652,2338800,2023388001618217,81806,81806,0,
1620652,2335221,2123352211618217,81806,81806,0,
1620652,2335222,2123352221618217,81806,81806,0,
1620652,2335223,2123352231618217,81806,81806,0,
1620652,2338800,2123388001618217,81806,81806,0,
1620652,2335221,2223352211618217,81806,81806,0,
1620652,2335222,2223352221618217,81806,81806,0,
1620652,2335223,2223352231618217,81806,81806,0,
1620652,2335221,223352211618217,81806,81806,0,
1620652,2335222,223352221618217,81806,81806,0,
1620652,2335223,223352231618217,81806,81806,0,
1620652,2338800,223388001618217,81806,81806,0,
1620652,2335221,2323352211618217,81806,81806,0,
1620652,2335222,2323352221618217,81806,81806,0,
1620652,2335223,2323352231618217,81806,81806,0,
1620652,2338800,2323388001618217,81806,81806,0,
1620652,2335221,2423352211618217,81806,81806,0,
1620652,2335222,2423352221618217,81806,81806,0,
1620652,2335223,2423352231618217,81806,81806,0,
1620652,2338800,2423388001618217,81806,81806,0,
1620652,2335221,2523352211618217,81806,81806,0,
1620652,2335222,2523352221618217,81806,81806,0,
1620652,2335223,2523352231618217,81806,81806,0,
1620652,2338800,2523388001618217,81806,81806,0,
1620652,2335221,2623352211618217,81806,81806,0,
1620652,2335222,2623352221618217,81806,81806,0,
1620652,2335223,2623352231618217,81806,81806,0,
1620652,2338800,2623388001618217,81806,81806,0,
1620652,2335221,2723352211618217,81806,81806,0,
1620652,2335222,2723352221618217,81806,81806,0,
1620652,2335223,2723352231618217,81806,81806,0,
1620652,2335221,2823352211618217,81806,81806,0,
1620652,2335222,2823352221618217,81806,81806,0,
1620652,2335223,2823352231618217,81806,81806,0,
1620652,2338800,2823388001618217,81806,81806,0,
1620652,2335221,2923352211618217,81806,81806,0,
1620652,2335222,2923352221618217,81806,81806,0,
1620652,2335223,2923352231618217,81806,81806,0,
1620652,2338800,2923388001618217,81806,81806,0,
1620652,2335221,3023352211618217,81806,81806,0,
1620652,2335222,3023352221618217,81806,81806,0,
1620652,2335223,3023352231618217,81806,81806,0,
1620652,2338800,3023388001618217,81806,81806,0,
1620652,2335221,3123352211618217,81806,81806,0,
1620652,2335222,3123352221618217,81806,81806,0,
1620652,2335223,3123352231618217,81806,81806,0,
1620652,2338800,3123388001618217,81806,81806,0,
1620652,2335221,3223352211618217,81806,81806,0,
1620652,2335222,3223352221618217,81806,81806,0,
1620652,2335223,3223352231618217,81806,81806,0,
1620652,2335221,323352211618217,81806,81806,0,
1620652,2335222,323352221618217,81806,81806,0,
1620652,2335223,323352231618217,81806,81806,0,
1620652,2338800,323388001618217,81806,81806,0,
1620652,2335221,3323352211618217,81806,81806,0,
1620652,2335222,3323352221618217,81806,81806,0,
1620652,2335223,3323352231618217,81806,81806,0,
1620652,2338800,3323388001618217,81806,81806,0,
1620652,2335221,3423352211618217,81806,81806,0,
1620652,2335222,3423352221618217,81806,81806,0,
1620652,2335223,3423352231618217,81806,81806,0,
1620652,2338800,3423388001618217,81806,81806,0,
1620652,2335221,3523352211618217,81806,81806,0,
1620652,2335222,3523352221618217,81806,81806,0,
1620652,2335223,3523352231618217,81806,81806,0,
1620652,2338800,3523388001618217,81806,81806,0,
1620652,2335221,3623352211618217,81806,81806,0,
1620652,2335222,3623352221618217,81806,81806,0,
1620652,2335223,3623352231618217,81806,81806,0,
1620652,2338800,3623388001618217,81806,81806,0,
1620652,2335221,3723352211618217,81806,81806,0,
1620652,2335222,3723352221618217,81806,81806,0,
1620652,2335223,3723352231618217,81806,81806,0,
1620652,2338800,3723388001618217,81806,81806,0,
1620652,2335221,3823352211618217,81806,81806,0,
1620652,2335222,3823352221618217,81806,81806,0,
1620652,2335223,3823352231618217,81806,81806,0,
1620652,2338800,3823388001618217,81806,81806,0,
1620652,2335221,3923352211618217,81806,81806,0,
1620652,2335222,3923352221618217,81806,81806,0,
1620652,2335223,3923352231618217,81806,81806,0,
1620652,2338800,3923388001618217,81806,81806,0,
1620652,2335221,4023352211618217,81806,81806,0,
1620652,2335222,4023352221618217,81806,81806,0,
1620652,2335223,4023352231618217,81806,81806,0,
1620652,2338800,4023388001618217,81806,81806,0,
1620652,2335221,4123352211618217,81806,81806,0,
1620652,2335222,4123352221618217,81806,81806,0,
1620652,2335223,4123352231618217,81806,81806,0,
1620652,2338800,4123388001618217,81806,81806,0,
1620652,2335221,4223352211618217,81806,81806,0,
1620652,2335222,4223352221618217,81806,81806,0,
1620652,2335223,4223352231618217,81806,81806,0,
1620652,2338800,4223388001618217,81806,81806,0,
1620652,2335221,423352211618217,81806,81806,0,
1620652,2335222,423352221618217,81806,81806,0,
1620652,2335223,423352231618217,81806,81806,0,
1620652,2338800,423388001618217,81806,81806,0,
1620652,2335221,4323352211618217,81806,81806,0,
1620652,2335222,4323352221618217,81806,81806,0,
1620652,2335223,4323352231618217,81806,81806,0,
1620652,2338800,4323388001618217,81806,81806,0,
1620652,2335221,4423352211618217,81806,81806,0,
1620652,2335222,4423352221618217,81806,81806,0,
1620652,2335223,4423352231618217,81806,81806,0,
1620652,2338800,4423388001618217,81806,81806,0,
1620652,2335221,4523352211618217,81806,81806,0,
1620652,2335222,4523352221618217,81806,81806,0,
1620652,2335223,4523352231618217,81806,81806,0,
1620652,2338800,4523388001618217,81806,81806,0,
1620652,2335221,4623352211618217,81806,81806,0,
1620652,2335222,4623352221618217,81806,81806,0,
1620652,2335223,4623352231618217,81806,81806,0,
1620652,2338800,4623388001618217,81806,81806,0,
1620652,2335221,4723352211618217,81806,81806,0,
1620652,2335222,4723352221618217,81806,81806,0,
1620652,2335223,4723352231618217,81806,81806,0,
1620652,2338800,4723388001618217,81806,81806,0,
1620652,2335221,4823352211618217,81806,81806,0,
1620652,2335222,4823352221618217,81806,81806,0,
1620652,2335223,4823352231618217,81806,81806,0,
1620652,2338800,4823388001618217,81806,81806,0,
1620652,2335221,4923352211618217,81806,81806,0,
1620652,2335222,4923352221618217,81806,81806,0,
1620652,2335223,4923352231618217,81806,81806,0,
1620652,2338800,4923388001618217,81806,81806,0,
1620652,2335221,5023352211618217,81806,81806,0,
1620652,2335222,5023352221618217,81806,81806,0,
1620652,2335223,5023352231618217,81806,81806,0,
1620652,2338800,5023388001618217,81806,81806,0,
1620652,2335221,5123352211618217,81806,81806,0,
1620652,2335222,5123352221618217,81806,81806,0,
1620652,2335223,5123352231618217,81806,81806,0,
1620652,2338800,5123388001618217,81806,81806,0,
1620652,2335221,5223352211618217,81806,81806,0,
1620652,2335222,5223352221618217,81806,81806,0,
1620652,2335223,5223352231618217,81806,81806,0,
1620652,2338800,5223388001618217,81806,81806,0,
1620652,2335221,523352211618217,81806,81806,0,
1620652,2335222,523352221618217,81806,81806,0,
1620652,2335223,523352231618217,81806,81806,0,
1620652,2338800,523388001618217,81806,81806,0,
1620652,2335221,5323352211618217,81806,81806,0,
1620652,2335222,5323352221618217,81806,81806,0,
1620652,2335223,5323352231618217,81806,81806,0,
1620652,2338800,5323388001618217,81806,81806,0,
1620652,2335221,5423352211618217,81806,81806,0,
1620652,2335222,5423352221618217,81806,81806,0,
1620652,2335223,5423352231618217,81806,81806,0,
1620652,2338800,5423388001618217,81806,81806,0,
1620652,2335221,5523352211618217,81806,81806,0,
1620652,2335222,5523352221618217,81806,81806,0,
1620652,2335223,5523352231618217,81806,81806,0,
1620652,2338800,5523388001618217,81806,81806,0,
1620652,2335221,5623352211618217,81806,81806,0,
1620652,2335222,5623352221618217,81806,81806,0,
1620652,2335223,5623352231618217,81806,81806,0,
1620652,2338800,5623388001618217,81806,81806,0,
1620652,2335221,5723352211618217,81806,81806,0,
1620652,2335222,5723352221618217,81806,81806,0,
1620652,2335223,5723352231618217,81806,81806,0,
1620652,2338800,5723388001618217,81806,81806,0,
1620652,2335221,5823352211618217,81806,81806,0,
1620652,2335222,5823352221618217,81806,81806,0,
1620652,2335223,5823352231618217,81806,81806,0,
1620652,2338800,5823388001618217,81806,81806,0,
1620652,2335221,5923352211618217,81806,81806,0,
1620652,2335222,5923352221618217,81806,81806,0,
1620652,2335223,5923352231618217,81806,81806,0,
1620652,2338800,5923388001618217,81806,81806,0,
1620652,2335221,6023352211618217,81806,81806,0,
1620652,2335222,6023352221618217,81806,81806,0,
1620652,2335223,6023352231618217,81806,81806,0,
1620652,2338800,6023388001618217,81806,81806,0,
1620652,2335221,6123352211618217,81806,81806,0,
1620652,2335222,6123352221618217,81806,81806,0,
1620652,2335223,6123352231618217,81806,81806,0,
1620652,2338800,6123388001618217,81806,81806,0,
1620652,2335221,6223352211618217,81806,81806,0,
1620652,2335222,6223352221618217,81806,81806,0,
1620652,2335223,6223352231618217,81806,81806,0,
1620652,2338800,6223388001618217,81806,81806,0,
1620652,2335221,623352211618217,81806,81806,0,
1620652,2335222,623352221618217,81806,81806,0,
1620652,2335223,623352231618217,81806,81806,0,
1620652,2338800,623388001618217,81806,81806,0,
1620652,2335221,6323352211618217,81806,81806,0,
1620652,2335222,6323352221618217,81806,81806,0,
1620652,2335223,6323352231618217,81806,81806,0,
1620652,2338800,6323388001618217,81806,81806,0,
1620652,2335221,6423352211618217,81806,81806,0,
1620652,2335222,6423352221618217,81806,81806,0,
1620652,2335223,6423352231618217,81806,81806,0,
1620652,2338800,6423388001618217,81806,81806,0,
1620652,2335221,6523352211618217,81806,81806,0,
1620652,2335222,6523352221618217,81806,81806,0,
1620652,2335223,6523352231618217,81806,81806,0,
1620652,2338800,6523388001618217,81806,81806,0,
1620652,2335221,6623352211618217,81806,81806,0,
1620652,2335222,6623352221618217,81806,81806,0,
1620652,2335223,6623352231618217,81806,81806,0,
1620652,2338800,6623388001618217,81806,81806,0,
1620652,2335221,6723352211618217,81806,81806,0,
1620652,2335222,6723352221618217,81806,81806,0,
1620652,2335223,6723352231618217,81806,81806,0,
1620652,2338800,6723388001618217,81806,81806,0,
1620652,2335221,6823352211618217,81806,81806,0,
1620652,2335222,6823352221618217,81806,81806,0,
1620652,2335223,6823352231618217,81806,81806,0,
1620652,2338800,6823388001618217,81806,81806,0,
1620652,2335221,6923352211618217,81806,81806,0,
1620652,2335222,6923352221618217,81806,81806,0,
1620652,2335223,6923352231618217,81806,81806,0,
1620652,2338800,6923388001618217,81806,81806,0,
1620652,2335221,7023352211618217,81806,81806,0,
1620652,2335222,7023352221618217,81806,81806,0,
1620652,2335223,7023352231618217,81806,81806,0,
1620652,2338800,7023388001618217,81806,81806,0,
1620652,2335221,7123352211618217,81806,81806,0,
1620652,2335222,7123352221618217,81806,81806,0,
1620652,2335223,7123352231618217,81806,81806,0,
1620652,2338800,7123388001618217,81806,81806,0,
1620652,2335221,7223352211618217,81806,81806,0,
1620652,2335222,7223352221618217,81806,81806,0,
1620652,2335223,7223352231618217,81806,81806,0,
1620652,2338800,7223388001618217,81806,81806,0,
1620652,2335221,723352211618217,81806,81806,0,
1620652,2335222,723352221618217,81806,81806,0,
1620652,2335223,723352231618217,81806,81806,0,
1620652,2338800,723388001618217,81806,81806,0,
1620652,2335221,7323352211618217,81806,81806,0,
1620652,2335222,7323352221618217,81806,81806,0,
1620652,2335223,7323352231618217,81806,81806,0,
1620652,2338800,7323388001618217,81806,81806,0,
1620652,2335221,7423352211618217,81806,81806,0,
1620652,2335222,7423352221618217,81806,81806,0,
1620652,2335223,7423352231618217,81806,81806,0,
1620652,2338800,7423388001618217,81806,81806,0,
1620652,2335221,7523352211618217,81806,81806,0,
1620652,2335222,7523352221618217,81806,81806,0,
1620652,2335223,7523352231618217,81806,81806,0,
1620652,2338800,7523388001618217,81806,81806,0,
1620652,2335221,7623352211618217,81806,81806,0,
1620652,2335222,7623352221618217,81806,81806,0,
1620652,2335223,7623352231618217,81806,81806,0,
1620652,2338800,7623388001618217,81806,81806,0,
1620652,2335221,7723352211618217,81806,81806,0,
1620652,2335222,7723352221618217,81806,81806,0,
1620652,2335223,7723352231618217,81806,81806,0,
1620652,2338800,7723388001618217,81806,81806,0,
1620652,2335221,7823352211618217,81806,81806,0,
1620652,2335222,7823352221618217,81806,81806,0,
1620652,2335223,7823352231618217,81806,81806,0,
1620652,2338800,7823388001618217,81806,81806,0,
1620652,2335221,7923352211618217,81806,81806,0,
1620652,2335222,7923352221618217,81806,81806,0,
1620652,2335223,7923352231618217,81806,81806,0,
1620652,2338800,7923388001618217,81806,81806,0,
1620652,2335221,8023352211618217,81806,81806,0,
1620652,2335222,8023352221618217,81806,81806,0,
1620652,2335223,8023352231618217,81806,81806,0,
1620652,2338800,8023388001618217,81806,81806,0,
1620652,2335221,8123352211618217,81806,81806,0,
1620652,2335222,8123352221618217,81806,81806,0,
1620652,2335223,8123352231618217,81806,81806,0,
1620652,2338800,8123388001618217,81806,81806,0,
1620652,2335221,8223352211618217,81806,81806,0,
1620652,2335222,8223352221618217,81806,81806,0,
1620652,2335223,8223352231618217,81806,81806,0,
1620652,2338800,8223388001618217,81806,81806,0,
1620652,2335221,823352211618217,81806,81806,0,
1620652,2335222,823352221618217,81806,81806,0,
1620652,2335223,823352231618217,81806,81806,0,
1620652,2338800,823388001618217,81806,81806,0,
1620652,2335221,8323352211618217,81806,81806,0,
1620652,2335222,8323352221618217,81806,81806,0,
1620652,2335223,8323352231618217,81806,81806,0,
1620652,2338800,8323388001618217,81806,81806,0,
1620652,2335221,8423352211618217,81806,81806,0,
1620652,2335222,8423352221618217,81806,81806,0,
1620652,2335223,8423352231618217,81806,81806,0,
1620652,2338800,8423388001618217,81806,81806,0,
1620652,2335221,8523352211618217,81806,81806,0,
1620652,2335222,8523352221618217,81806,81806,0,
1620652,2335223,8523352231618217,81806,81806,0,
1620652,2338800,8523388001618217,81806,81806,0,
1620652,2335221,8623352211618217,81806,81806,0,
1620652,2335222,8623352221618217,81806,81806,0,
1620652,2335223,8623352231618217,81806,81806,0,
1620652,2338800,8623388001618217,81806,81806,0,
1620652,2335221,8723352211618217,81806,81806,0,
1620652,2335222,8723352221618217,81806,81806,0,
1620652,2335223,8723352231618217,81806,81806,0,
1620652,2338800,8723388001618217,81806,81806,0,
1620652,2335221,8823352211618217,81806,81806,0,
1620652,2335222,8823352221618217,81806,81806,0,
1620652,2335223,8823352231618217,81806,81806,0,
1620652,2338800,8823388001618217,81806,81806,0,
1620652,2335221,8923352211618217,81806,81806,0,
1620652,2335222,8923352221618217,81806,81806,0,
1620652,2335223,8923352231618217,81806,81806,0,
1620652,2338800,8923388001618217,81806,81806,0,
1620652,2335221,9023352211618217,81806,81806,0,
1620652,2335222,9023352221618217,81806,81806,0,
1620652,2335223,9023352231618217,81806,81806,0,
1620652,2338800,9023388001618217,81806,81806,0,
1620652,2335221,9123352211618217,81806,81806,0,
1620652,2335222,9123352221618217,81806,81806,0,
1620652,2335223,9123352231618217,81806,81806,0,
1620652,2338800,9123388001618217,81806,81806,0,
1620652,2335221,9223352211618217,81806,81806,0,
1620652,2335222,9223352221618217,81806,81806,0,
1620652,2335223,9223352231618217,81806,81806,0,
1620652,2338800,9223388001618217,81806,81806,0,
1620652,2335221,923352211618217,81806,81806,0,
1620652,2335222,923352221618217,81806,81806,0,
1620652,2335223,923352231618217,81806,81806,0,
1620652,2338800,923388001618217,81806,81806,0,
1620652,2335221,9323352211618217,81806,81806,0,
1620652,2335222,9323352221618217,81806,81806,0,
1620652,2335223,9323352231618217,81806,81806,0,
1620652,2338800,9323388001618217,81806,81806,0,
1620652,2335221,9423352211618217,81806,81806,0,
1620652,2335222,9423352221618217,81806,81806,0,
1620652,2335223,9423352231618217,81806,81806,0,
1620652,2338800,9423388001618217,81806,81806,0,
1620652,2335221,9523352211618217,81806,81806,0,
1620652,2335222,9523352221618217,81806,81806,0,
1620652,2335223,9523352231618217,81806,81806,0,
1620652,2338800,9523388001618217,81806,81806,0,
1620652,2335221,9623352211618217,81806,81806,0,
1620652,2335222,9623352221618217,81806,81806,0,
1620652,2335223,9623352231618217,81806,81806,0,
1620652,2338800,9623388001618217,81806,81806,0,
1620652,2335221,9723352211618217,81806,81806,0,
1620652,2335222,9723352221618217,81806,81806,0,
1620652,2335223,9723352231618217,81806,81806,0,
1620652,2338800,9723388001618217,81806,81806,0,
1620652,2335221,9823352211618217,81806,81806,0,
1620652,2335222,9823352221618217,81806,81806,0,
1620652,2335223,9823352231618217,81806,81806,0,
1620652,2338800,9823388001618217,81806,81806,0,
1620652,2335221,9923352211618217,81806,81806,0,
1620652,2335222,9923352221618217,81806,81806,0,
1620652,2335223,9923352231618217,81806,81806,0,
1620652,2338800,9923388001618217,81806,81806,0,
1620653,87282,10000872820081805,45924,45924,1,
1620653,87282,1000872820081805,45924,45924,1,
1620653,87282,100872820081805,45924,45924,1,
1620653,87282,10100872820081805,45924,45924,1,
1620653,87282,10200872820081805,45924,45924,1,
1620653,87282,10300872820081805,45924,45924,1,
1620653,87282,10400872820081805,45924,45924,1,
1620653,87282,10500872820081805,45924,45924,1,
1620653,87282,10600872820081805,45924,45924,1,
1620653,87282,10800872820081805,45924,45924,1,
1620653,87282,10900872820081805,45924,45924,1,
1620653,87282,11000872820081805,45924,45924,1,
1620653,87282,1100872820081805,45924,45924,1,
1620653,87282,11100872820081805,45924,45924,1,
1620653,87282,11200872820081805,45924,45924,1,
1620653,87282,11300872820081805,45924,45924,1,
1620653,87282,11400872820081805,45924,45924,1,
1620653,87282,11500872820081805,45924,45924,1,
1620653,87282,11600872820081805,45924,45924,1,
1620653,87282,11700872820081805,45924,45924,1,
1620653,87282,11800872820081805,45924,45924,1,
1620653,87282,11900872820081805,45924,45924,1,
1620653,87282,12000872820081805,45924,45924,1,
1620653,87282,1200872820081805,45924,45924,1,
1620653,87282,12100872820081805,45924,45924,1,
1620653,87282,12300872820081805,45924,45924,1,
1620653,87282,12400872820081805,45924,45924,1,
1620653,87282,12500872820081805,45924,45924,1,
1620653,87282,12600872820081805,45924,45924,1,
1620653,87282,12700872820081805,45924,45924,1,
1620653,87282,12800872820081805,45924,45924,1,
1620653,87282,12900872820081805,45924,45924,1,
1620653,87282,13000872820081805,45924,45924,1,
1620653,87282,1300872820081805,45924,45924,1,
1620653,87282,13100872820081805,45924,45924,1,
1620653,87282,13200872820081805,45924,45924,1,
1620653,87282,13300872820081805,45924,45924,1,
1620653,87282,13400872820081805,45924,45924,1,
1620653,87282,13500872820081805,45924,45924,1,
1620653,87282,13700872820081805,45924,45924,1,
1620653,87282,13800872820081805,45924,45924,1,
1620653,87282,13900872820081805,45924,45924,1,
1620653,87282,14000872820081805,45924,45924,1,
1620653,87282,1400872820081805,45924,45924,1,
1620653,87282,14100872820081805,45924,45924,1,
1620653,87282,14200872820081805,45924,45924,1,
1620653,87282,14300872820081805,45924,45924,1,
1620653,87282,14400872820081805,45924,45924,1,
1620653,87282,14500872820081805,45924,45924,1,
1620653,87282,14600872820081805,45924,45924,1,
1620653,87282,14700872820081805,45924,45924,1,
1620653,87282,14800872820081805,45924,45924,1,
1620653,87282,14900872820081805,45924,45924,1,
1620653,87282,15000872820081805,45924,45924,1,
1620653,87282,1500872820081805,45924,45924,1,
1620653,87282,15100872820081805,45924,45924,1,
1620653,87282,1600872820081805,45924,45924,1,
1620653,87282,1700872820081805,45924,45924,1,
1620653,87282,1800872820081805,45924,45924,1,
1620653,87282,1900872820081805,45924,45924,1,
1620653,87282,2000872820081805,45924,45924,1,
1620653,87282,200872820081805,45924,45924,1,
1620653,87282,2100872820081805,45924,45924,1,
1620653,87282,2200872820081805,45924,45924,1,
1620653,87282,2300872820081805,45924,45924,1,
1620653,87282,2400872820081805,45924,45924,1,
1620653,87282,2500872820081805,45924,45924,1,
1620653,87282,2600872820081805,45924,45924,1,
1620653,87282,2900872820081805,45924,45924,1,
1620653,87282,3000872820081805,45924,45924,1,
1620653,87282,300872820081805,45924,45924,1,
1620653,87282,3100872820081805,45924,45924,1,
1620653,87282,3200872820081805,45924,45924,1,
1620653,87282,3300872820081805,45924,45924,1,
1620653,87282,3400872820081805,45924,45924,1,
1620653,87282,3500872820081805,45924,45924,1,
1620653,87282,3600872820081805,45924,45924,1,
1620653,87282,3700872820081805,45924,45924,1,
1620653,87282,3800872820081805,45924,45924,1,
1620653,87282,3900872820081805,45924,45924,1,
1620653,87282,4000872820081805,45924,45924,1,
1620653,87282,400872820081805,45924,45924,1,
1620653,87282,4100872820081805,45924,45924,1,
1620653,87282,4200872820081805,45924,45924,1,
1620653,87282,4400872820081805,45924,45924,1,
1620653,87282,4500872820081805,45924,45924,1,
1620653,87282,4600872820081805,45924,45924,1,
1620653,87282,4700872820081805,45924,45924,1,
1620653,87282,4800872820081805,45924,45924,1,
1620653,87282,4900872820081805,45924,45924,1,
1620653,87282,5000872820081805,45924,45924,1,
1620653,87282,500872820081805,45924,45924,1,
1620653,87282,5100872820081805,45924,45924,1,
1620653,87282,5200872820081805,45924,45924,1,
1620653,87282,5300872820081805,45924,45924,1,
1620653,87282,5400872820081805,45924,45924,1,
1620653,87282,5500872820081805,45924,45924,1,
1620653,87282,5600872820081805,45924,45924,1,
1620653,87282,5700872820081805,45924,45924,1,
1620653,87282,5800872820081805,45924,45924,1,
1620653,87282,5900872820081805,45924,45924,1,
1620653,87282,6000872820081805,45924,45924,1,
1620653,87282,600872820081805,45924,45924,1,
1620653,87282,6200872820081805,45924,45924,1,
1620653,87282,6300872820081805,45924,45924,1,
1620653,87282,6400872820081805,45924,45924,1,
1620653,87282,6500872820081805,45924,45924,1,
1620653,87282,6600872820081805,45924,45924,1,
1620653,87282,6700872820081805,45924,45924,1,
1620653,87282,6800872820081805,45924,45924,1,
1620653,87282,6900872820081805,45924,45924,1,
1620653,87282,7000872820081805,45924,45924,1,
1620653,87282,7100872820081805,45924,45924,1,
1620653,87282,7200872820081805,45924,45924,1,
1620653,87282,7300872820081805,45924,45924,1,
1620653,87282,7400872820081805,45924,45924,1,
1620653,87282,7500872820081805,45924,45924,1,
1620653,87282,7700872820081805,45924,45924,1,
1620653,87282,7800872820081805,45924,45924,1,
1620653,87282,7900872820081805,45924,45924,1,
1620653,87282,8000872820081805,45924,45924,1,
1620653,87282,800872820081805,45924,45924,1,
1620653,87282,8100872820081805,45924,45924,1,
1620653,87282,8200872820081805,45924,45924,1,
1620653,87282,8300872820081805,45924,45924,1,
1620653,87282,8400872820081805,45924,45924,1,
1620653,87282,8500872820081805,45924,45924,1,
1620653,87282,8600872820081805,45924,45924,1,
1620653,87282,8700872820081805,45924,45924,1,
1620653,87282,8800872820081805,45924,45924,1,
1620653,87282,8900872820081805,45924,45924,1,
1620653,87282,9000872820081805,45924,45924,1,
1620653,87282,900872820081805,45924,45924,1,
1620653,87282,9200872820081805,45924,45924,1,
1620653,87282,9300872820081805,45924,45924,1,
1620653,87282,9400872820081805,45924,45924,1,
1620653,87282,9500872820081805,45924,45924,1,
1620653,87282,9600872820081805,45924,45924,1,
1620653,87282,9700872820081805,45924,45924,1,
1620653,87282,9800872820081805,45924,45924,1,
1620653,87282,9900872820081805,45924,45924,1,
1620653,87283,10000872830081807,9526,9526,1,
1620653,87283,1000872830081807,9526,9526,1,
1620653,87283,100872830081807,9526,9526,1,
1620653,87283,10100872830081807,9526,9526,1,
1620653,87283,10200872830081807,9526,9526,1,
1620653,87283,10300872830081807,9526,9526,1,
1620653,87283,10400872830081807,9526,9526,1,
1620653,87283,10500872830081807,9526,9526,1,
1620653,87283,10700872830081807,9526,9526,1,
1620653,87283,10800872830081807,9526,9526,1,
1620653,87283,10900872830081807,9526,9526,1,
1620653,87283,11000872830081807,9526,9526,1,
1620653,87283,1100872830081807,9526,9526,1,
1620653,87283,11100872830081807,9526,9526,1,
1620653,87283,11200872830081807,9526,9526,1,
1620653,87283,11300872830081807,9526,9526,1,
1620653,87283,11400872830081807,9526,9526,1,
1620653,87283,11500872830081807,9526,9526,1,
1620653,87283,11600872830081807,9526,9526,1,
1620653,87283,11700872830081807,9526,9526,1,
1620653,87283,11800872830081807,9526,9526,1,
1620653,87283,11900872830081807,9526,9526,1,
1620653,87283,12000872830081807,9526,9526,1,
1620653,87283,1200872830081807,9526,9526,1,
1620653,87283,12100872830081807,9526,9526,1,
1620653,87283,12300872830081807,9526,9526,1,
1620653,87283,12400872830081807,9526,9526,1,
1620653,87283,12500872830081807,9526,9526,1,
1620653,87283,12600872830081807,9526,9526,1,
1620653,87283,12700872830081807,9526,9526,1,
1620653,87283,12800872830081807,9526,9526,1,
1620653,87283,12900872830081807,9526,9526,1,
1620653,87283,13000872830081807,9526,9526,1,
1620653,87283,1300872830081807,9526,9526,1,
1620653,87283,13100872830081807,9526,9526,1,
1620653,87283,13200872830081807,9526,9526,1,
1620653,87283,13300872830081807,9526,9526,1,
1620653,87283,13400872830081807,9526,9526,1,
1620653,87283,13500872830081807,9526,9526,1,
1620653,87283,13700872830081807,9526,9526,1,
1620653,87283,13800872830081807,9526,9526,1,
1620653,87283,13900872830081807,9526,9526,1,
1620653,87283,14000872830081807,9526,9526,1,
1620653,87283,1400872830081807,9526,9526,1,
1620653,87283,14100872830081807,9526,9526,1,
1620653,87283,14200872830081807,9526,9526,1,
1620653,87283,14300872830081807,9526,9526,1,
1620653,87283,14400872830081807,9526,9526,1,
1620653,87283,14500872830081807,9526,9526,1,
1620653,87283,14600872830081807,9526,9526,1,
1620653,87283,14800872830081807,9526,9526,1,
1620653,87283,14900872830081807,9526,9526,1,
1620653,87283,15000872830081807,9526,9526,1,
1620653,87283,1500872830081807,9526,9526,1,
1620653,87283,15100872830081807,9526,9526,1,
1620653,87283,15200872830081807,9526,9526,1,
1620653,87283,1700872830081807,9526,9526,1,
1620653,87283,1800872830081807,9526,9526,1,
1620653,87283,1900872830081807,9526,9526,1,
1620653,87283,2000872830081807,9526,9526,1,
1620653,87283,200872830081807,9526,9526,1,
1620653,87283,2100872830081807,9526,9526,1,
1620653,87283,2200872830081807,9526,9526,1,
1620653,87283,2300872830081807,9526,9526,1,
1620653,87283,2400872830081807,9526,9526,1,
1620653,87283,2500872830081807,9526,9526,1,
1620653,87283,2600872830081807,9526,9526,1,
1620653,87283,2700872830081807,9526,9526,1,
1620653,87283,2800872830081807,9526,9526,1,
1620653,87283,2900872830081807,9526,9526,1,
1620653,87283,3000872830081807,9526,9526,1,
1620653,87283,300872830081807,9526,9526,1,
1620653,87283,3100872830081807,9526,9526,1,
1620653,87283,3200872830081807,9526,9526,1,
1620653,87283,3300872830081807,9526,9526,1,
1620653,87283,3400872830081807,9526,9526,1,
1620653,87283,3500872830081807,9526,9526,1,
1620653,87283,3600872830081807,9526,9526,1,
1620653,87283,3700872830081807,9526,9526,1,
1620653,87283,3800872830081807,9526,9526,1,
1620653,87283,3900872830081807,9526,9526,1,
1620653,87283,4000872830081807,9526,9526,1,
1620653,87283,400872830081807,9526,9526,1,
1620653,87283,4100872830081807,9526,9526,1,
1620653,87283,4200872830081807,9526,9526,1,
1620653,87283,4300872830081807,9526,9526,1,
1620653,87283,4400872830081807,9526,9526,1,
1620653,87283,4500872830081807,9526,9526,1,
1620653,87283,4600872830081807,9526,9526,1,
1620653,87283,4700872830081807,9526,9526,1,
1620653,87283,4800872830081807,9526,9526,1,
1620653,87283,4900872830081807,9526,9526,1,
1620653,87283,5000872830081807,9526,9526,1,
1620653,87283,500872830081807,9526,9526,1,
1620653,87283,5100872830081807,9526,9526,1,
1620653,87283,5200872830081807,9526,9526,1,
1620653,87283,5300872830081807,9526,9526,1,
1620653,87283,5400872830081807,9526,9526,1,
1620653,87283,5500872830081807,9526,9526,1,
1620653,87283,5600872830081807,9526,9526,1,
1620653,87283,5700872830081807,9526,9526,1,
1620653,87283,5800872830081807,9526,9526,1,
1620653,87283,5900872830081807,9526,9526,1,
1620653,87283,6000872830081807,9526,9526,1,
1620653,87283,600872830081807,9526,9526,1,
1620653,87283,6100872830081807,9526,9526,1,
1620653,87283,6200872830081807,9526,9526,1,
1620653,87283,6300872830081807,9526,9526,1,
1620653,87283,6400872830081807,9526,9526,1,
1620653,87283,6500872830081807,9526,9526,1,
1620653,87283,6600872830081807,9526,9526,1,
1620653,87283,6700872830081807,9526,9526,1,
1620653,87283,6800872830081807,9526,9526,1,
1620653,87283,6900872830081807,9526,9526,1,
1620653,87283,7000872830081807,9526,9526,1,
1620653,87283,700872830081807,9526,9526,1,
1620653,87283,7100872830081807,9526,9526,1,
1620653,87283,7200872830081807,9526,9526,1,
1620653,87283,7300872830081807,9526,9526,1,
1620653,87283,7400872830081807,9526,9526,1,
1620653,87283,7500872830081807,9526,9526,1,
1620653,87283,7600872830081807,9526,9526,1,
1620653,87283,7700872830081807,9526,9526,1,
1620653,87283,7800872830081807,9526,9526,1,
1620653,87283,7900872830081807,9526,9526,1,
1620653,87283,8000872830081807,9526,9526,1,
1620653,87283,800872830081807,9526,9526,1,
1620653,87283,8100872830081807,9526,9526,1,
1620653,87283,8200872830081807,9526,9526,1,
1620653,87283,8300872830081807,9526,9526,1,
1620653,87283,8400872830081807,9526,9526,1,
1620653,87283,8500872830081807,9526,9526,1,
1620653,87283,8600872830081807,9526,9526,1,
1620653,87283,8700872830081807,9526,9526,1,
1620653,87283,8800872830081807,9526,9526,1,
1620653,87283,8900872830081807,9526,9526,1,
1620653,87283,9000872830081807,9526,9526,1,
1620653,87283,900872830081807,9526,9526,1,
1620653,87283,9100872830081807,9526,9526,1,
1620653,87283,9200872830081807,9526,9526,1,
1620653,87283,9300872830081807,9526,9526,1,
1620653,87283,9400872830081807,9526,9526,1,
1620653,87283,9500872830081807,9526,9526,1,
1620653,87283,9600872830081807,9526,9526,1,
1620653,87283,9700872830081807,9526,9526,1,
1620653,87283,9800872830081807,9526,9526,1,
1620653,87283,9900872830081807,9526,9526,1,
1620653,2335221,10023352211618218,81807,81807,1,
1620653,2335222,10023352221618218,81807,81807,1,
1620653,2335223,10023352231618218,81807,81807,1,
1620653,2338800,10023388001618218,81807,81807,1,
1620653,2335221,10123352211618218,81807,81807,1,
1620653,2335222,10123352221618218,81807,81807,1,
1620653,2335223,10123352231618218,81807,81807,1,
1620653,2338800,10123388001618218,81807,81807,1,
1620653,2335221,10223352211618218,81807,81807,1,
1620653,2335222,10223352221618218,81807,81807,1,
1620653,2335223,10223352231618218,81807,81807,1,
1620653,2338800,10223388001618218,81807,81807,1,
1620653,2335221,1023352211618218,81807,81807,1,
1620653,2335222,1023352221618218,81807,81807,1,
1620653,2335223,1023352231618218,81807,81807,1,
1620653,2338800,1023388001618218,81807,81807,1,
1620653,2335221,10323352211618218,81807,81807,1,
1620653,2335222,10323352221618218,81807,81807,1,
1620653,2335223,10323352231618218,81807,81807,1,
1620653,2338800,10323388001618218,81807,81807,1,
1620653,2335221,10423352211618218,81807,81807,1,
1620653,2335222,10423352221618218,81807,81807,1,
1620653,2335223,10423352231618218,81807,81807,1,
1620653,2338800,10423388001618218,81807,81807,1,
1620653,2335221,10523352211618218,81807,81807,1,
1620653,2335222,10523352221618218,81807,81807,1,
1620653,2335223,10523352231618218,81807,81807,1,
1620653,2338800,10523388001618218,81807,81807,1,
1620653,2335221,10623352211618218,81807,81807,1,
1620653,2335222,10623352221618218,81807,81807,1,
1620653,2335223,10623352231618218,81807,81807,1,
1620653,2338800,10623388001618218,81807,81807,1,
1620653,2335221,10723352211618218,81807,81807,1,
1620653,2335222,10723352221618218,81807,81807,1,
1620653,2335223,10723352231618218,81807,81807,1,
1620653,2338800,10723388001618218,81807,81807,1,
1620653,2335221,10823352211618218,81807,81807,1,
1620653,2335222,10823352221618218,81807,81807,1,
1620653,2335223,10823352231618218,81807,81807,1,
1620653,2338800,10823388001618218,81807,81807,1,
1620653,2335221,10923352211618218,81807,81807,1,
1620653,2335222,10923352221618218,81807,81807,1,
1620653,2335223,10923352231618218,81807,81807,1,
1620653,2338800,10923388001618218,81807,81807,1,
1620653,2335221,11023352211618218,81807,81807,1,
1620653,2335222,11023352221618218,81807,81807,1,
1620653,2335223,11023352231618218,81807,81807,1,
1620653,2338800,11023388001618218,81807,81807,1,
1620653,2335221,11123352211618218,81807,81807,1,
1620653,2335222,11123352221618218,81807,81807,1,
1620653,2335223,11123352231618218,81807,81807,1,
1620653,2338800,11123388001618218,81807,81807,1,
1620653,2335221,11223352211618218,81807,81807,1,
1620653,2335222,11223352221618218,81807,81807,1,
1620653,2335223,11223352231618218,81807,81807,1,
1620653,2338800,11223388001618218,81807,81807,1,
1620653,2335221,1123352211618218,81807,81807,1,
1620653,2335222,1123352221618218,81807,81807,1,
1620653,2335223,1123352231618218,81807,81807,1,
1620653,2338800,1123388001618218,81807,81807,1,
1620653,2335221,11323352211618218,81807,81807,1,
1620653,2335222,11323352221618218,81807,81807,1,
1620653,2335223,11323352231618218,81807,81807,1,
1620653,2338800,11323388001618218,81807,81807,1,
1620653,2335221,11423352211618218,81807,81807,1,
1620653,2335222,11423352221618218,81807,81807,1,
1620653,2335223,11423352231618218,81807,81807,1,
1620653,2338800,11423388001618218,81807,81807,1,
1620653,2335221,11523352211618218,81807,81807,1,
1620653,2335222,11523352221618218,81807,81807,1,
1620653,2335223,11523352231618218,81807,81807,1,
1620653,2338800,11523388001618218,81807,81807,1,
1620653,2335221,11623352211618218,81807,81807,1,
1620653,2335222,11623352221618218,81807,81807,1,
1620653,2335223,11623352231618218,81807,81807,1,
1620653,2338800,11623388001618218,81807,81807,1,
1620653,2335221,11723352211618218,81807,81807,1,
1620653,2335222,11723352221618218,81807,81807,1,
1620653,2335223,11723352231618218,81807,81807,1,
1620653,2338800,11723388001618218,81807,81807,1,
1620653,2335221,11823352211618218,81807,81807,1,
1620653,2335222,11823352221618218,81807,81807,1,
1620653,2335223,11823352231618218,81807,81807,1,
1620653,2338800,11823388001618218,81807,81807,1,
1620653,2335221,11923352211618218,81807,81807,1,
1620653,2335222,11923352221618218,81807,81807,1,
1620653,2335223,11923352231618218,81807,81807,1,
1620653,2338800,11923388001618218,81807,81807,1,
1620653,2335221,12023352211618218,81807,81807,1,
1620653,2335222,12023352221618218,81807,81807,1,
1620653,2335223,12023352231618218,81807,81807,1,
1620653,2338800,12023388001618218,81807,81807,1,
1620653,2335221,12123352211618218,81807,81807,1,
1620653,2335222,12123352221618218,81807,81807,1,
1620653,2335223,12123352231618218,81807,81807,1,
1620653,2338800,12123388001618218,81807,81807,1,
1620653,2335221,12223352211618218,81807,81807,1,
1620653,2335222,12223352221618218,81807,81807,1,
1620653,2335223,12223352231618218,81807,81807,1,
1620653,2338800,12223388001618218,81807,81807,1,
1620653,2335221,1223352211618218,81807,81807,1,
1620653,2335222,1223352221618218,81807,81807,1,
1620653,2335223,1223352231618218,81807,81807,1,
1620653,2338800,1223388001618218,81807,81807,1,
1620653,2335221,12323352211618218,81807,81807,1,
1620653,2335222,12323352221618218,81807,81807,1,
1620653,2335223,12323352231618218,81807,81807,1,
1620653,2338800,12323388001618218,81807,81807,1,
1620653,2335221,123352211618218,81807,81807,1,
1620653,2335222,123352221618218,81807,81807,1,
1620653,2335223,123352231618218,81807,81807,1,
1620653,2338800,123388001618218,81807,81807,1,
1620653,2335221,12423352211618218,81807,81807,1,
1620653,2335222,12423352221618218,81807,81807,1,
1620653,2335223,12423352231618218,81807,81807,1,
1620653,2338800,12423388001618218,81807,81807,1,
1620653,2335221,12523352211618218,81807,81807,1,
1620653,2335222,12523352221618218,81807,81807,1,
1620653,2335223,12523352231618218,81807,81807,1,
1620653,2338800,12523388001618218,81807,81807,1,
1620653,2335221,12623352211618218,81807,81807,1,
1620653,2335222,12623352221618218,81807,81807,1,
1620653,2335223,12623352231618218,81807,81807,1,
1620653,2338800,12623388001618218,81807,81807,1,
1620653,2335221,12723352211618218,81807,81807,1,
1620653,2335222,12723352221618218,81807,81807,1,
1620653,2335223,12723352231618218,81807,81807,1,
1620653,2338800,12723388001618218,81807,81807,1,
1620653,2335221,12823352211618218,81807,81807,1,
1620653,2335222,12823352221618218,81807,81807,1,
1620653,2335223,12823352231618218,81807,81807,1,
1620653,2338800,12823388001618218,81807,81807,1,
1620653,2335221,12923352211618218,81807,81807,1,
1620653,2335222,12923352221618218,81807,81807,1,
1620653,2335223,12923352231618218,81807,81807,1,
1620653,2338800,12923388001618218,81807,81807,1,
1620653,2335221,13023352211618218,81807,81807,1,
1620653,2335222,13023352221618218,81807,81807,1,
1620653,2335223,13023352231618218,81807,81807,1,
1620653,2338800,13023388001618218,81807,81807,1,
1620653,2335221,13123352211618218,81807,81807,1,
1620653,2335222,13123352221618218,81807,81807,1,
1620653,2335223,13123352231618218,81807,81807,1,
1620653,2338800,13123388001618218,81807,81807,1,
1620653,2335221,13223352211618218,81807,81807,1,
1620653,2335222,13223352221618218,81807,81807,1,
1620653,2335223,13223352231618218,81807,81807,1,
1620653,2338800,13223388001618218,81807,81807,1,
1620653,2335221,1323352211618218,81807,81807,1,
1620653,2335222,1323352221618218,81807,81807,1,
1620653,2335223,1323352231618218,81807,81807,1,
1620653,2338800,1323388001618218,81807,81807,1,
1620653,2335221,13323352211618218,81807,81807,1,
1620653,2335222,13323352221618218,81807,81807,1,
1620653,2335223,13323352231618218,81807,81807,1,
1620653,2338800,13323388001618218,81807,81807,1,
1620653,2335221,13423352211618218,81807,81807,1,
1620653,2335222,13423352221618218,81807,81807,1,
1620653,2335223,13423352231618218,81807,81807,1,
1620653,2338800,13423388001618218,81807,81807,1,
1620653,2335221,13523352211618218,81807,81807,1,
1620653,2335222,13523352221618218,81807,81807,1,
1620653,2335223,13523352231618218,81807,81807,1,
1620653,2338800,13523388001618218,81807,81807,1,
1620653,2335221,13623352211618218,81807,81807,1,
1620653,2335222,13623352221618218,81807,81807,1,
1620653,2335223,13623352231618218,81807,81807,1,
1620653,2338800,13623388001618218,81807,81807,1,
1620653,2335221,13723352211618218,81807,81807,1,
1620653,2335222,13723352221618218,81807,81807,1,
1620653,2335223,13723352231618218,81807,81807,1,
1620653,2338800,13723388001618218,81807,81807,1,
1620653,2335221,13823352211618218,81807,81807,1,
1620653,2335222,13823352221618218,81807,81807,1,
1620653,2335223,13823352231618218,81807,81807,1,
1620653,2338800,13823388001618218,81807,81807,1,
1620653,2335221,13923352211618218,81807,81807,1,
1620653,2335222,13923352221618218,81807,81807,1,
1620653,2335223,13923352231618218,81807,81807,1,
1620653,2338800,13923388001618218,81807,81807,1,
1620653,2335221,14023352211618218,81807,81807,1,
1620653,2335222,14023352221618218,81807,81807,1,
1620653,2335223,14023352231618218,81807,81807,1,
1620653,2338800,14023388001618218,81807,81807,1,
1620653,2335221,14123352211618218,81807,81807,1,
1620653,2335222,14123352221618218,81807,81807,1,
1620653,2335223,14123352231618218,81807,81807,1,
1620653,2338800,14123388001618218,81807,81807,1,
1620653,2335221,14223352211618218,81807,81807,1,
1620653,2335222,14223352221618218,81807,81807,1,
1620653,2335223,14223352231618218,81807,81807,1,
1620653,2338800,14223388001618218,81807,81807,1,
1620653,2335221,1423352211618218,81807,81807,1,
1620653,2335222,1423352221618218,81807,81807,1,
1620653,2335223,1423352231618218,81807,81807,1,
1620653,2338800,1423388001618218,81807,81807,1,
1620653,2335221,14323352211618218,81807,81807,1,
1620653,2335222,14323352221618218,81807,81807,1,
1620653,2335223,14323352231618218,81807,81807,1,
1620653,2338800,14323388001618218,81807,81807,1,
1620653,2335221,14423352211618218,81807,81807,1,
1620653,2335222,14423352221618218,81807,81807,1,
1620653,2335223,14423352231618218,81807,81807,1,
1620653,2338800,14423388001618218,81807,81807,1,
1620653,2335221,14523352211618218,81807,81807,1,
1620653,2335222,14523352221618218,81807,81807,1,
1620653,2335223,14523352231618218,81807,81807,1,
1620653,2338800,14523388001618218,81807,81807,1,
1620653,2335221,14623352211618218,81807,81807,1,
1620653,2335222,14623352221618218,81807,81807,1,
1620653,2335223,14623352231618218,81807,81807,1,
1620653,2338800,14623388001618218,81807,81807,1,
1620653,2335221,14723352211618218,81807,81807,1,
1620653,2335222,14723352221618218,81807,81807,1,
1620653,2335223,14723352231618218,81807,81807,1,
1620653,2338800,14723388001618218,81807,81807,1,
1620653,2335221,14823352211618218,81807,81807,1,
1620653,2335223,14823352231618218,81807,81807,1,
1620653,2338800,14823388001618218,81807,81807,1,
1620653,2335221,14923352211618218,81807,81807,1,
1620653,2335223,14923352231618218,81807,81807,1,
1620653,2335221,15023352211618218,81807,81807,1,
1620653,2338800,15023388001618218,81807,81807,1,
1620653,2335223,15123352231618218,81807,81807,1,
1620653,2338800,15123388001618218,81807,81807,1,
1620653,2335223,15223352231618218,81807,81807,1,
1620653,2338800,15223388001618218,81807,81807,1,
1620653,2335221,1523352211618218,81807,81807,1,
1620653,2335222,1523352221618218,81807,81807,1,
1620653,2335223,1523352231618218,81807,81807,1,
1620653,2338800,1523388001618218,81807,81807,1,
1620653,2335223,15323352231618218,81807,81807,1,
1620653,2338800,15323388001618218,81807,81807,1,
1620653,2335223,15423352231618218,81807,81807,1,
1620653,2338800,15423388001618218,81807,81807,1,
1620653,2335223,15523352231618218,81807,81807,1,
1620653,2338800,15523388001618218,81807,81807,1,
1620653,2335223,15623352231618218,81807,81807,1,
1620653,2338800,15623388001618218,81807,81807,1,
1620653,2335223,15723352231618218,81807,81807,1,
1620653,2338800,15723388001618218,81807,81807,1,
1620653,2338800,15823388001618218,81807,81807,1,
1620653,2338800,15923388001618218,81807,81807,1,
1620653,2338800,16023388001618218,81807,81807,1,
1620653,2335221,1623352211618218,81807,81807,1,
1620653,2335222,1623352221618218,81807,81807,1,
1620653,2335223,1623352231618218,81807,81807,1,
1620653,2338800,1623388001618218,81807,81807,1,
1620653,2335221,1723352211618218,81807,81807,1,
1620653,2335222,1723352221618218,81807,81807,1,
1620653,2335223,1723352231618218,81807,81807,1,
1620653,2338800,1723388001618218,81807,81807,1,
1620653,2335221,1823352211618218,81807,81807,1,
1620653,2335222,1823352221618218,81807,81807,1,
1620653,2335223,1823352231618218,81807,81807,1,
1620653,2338800,1823388001618218,81807,81807,1,
1620653,2335221,1923352211618218,81807,81807,1,
1620653,2335222,1923352221618218,81807,81807,1,
1620653,2335223,1923352231618218,81807,81807,1,
1620653,2338800,1923388001618218,81807,81807,1,
1620653,2335221,2023352211618218,81807,81807,1,
1620653,2335222,2023352221618218,81807,81807,1,
1620653,2335223,2023352231618218,81807,81807,1,
1620653,2338800,2023388001618218,81807,81807,1,
1620653,2335221,2123352211618218,81807,81807,1,
1620653,2335222,2123352221618218,81807,81807,1,
1620653,2335223,2123352231618218,81807,81807,1,
1620653,2338800,2123388001618218,81807,81807,1,
1620653,2335221,2223352211618218,81807,81807,1,
1620653,2335222,2223352221618218,81807,81807,1,
1620653,2335223,2223352231618218,81807,81807,1,
1620653,2335221,223352211618218,81807,81807,1,
1620653,2335222,223352221618218,81807,81807,1,
1620653,2335223,223352231618218,81807,81807,1,
1620653,2338800,223388001618218,81807,81807,1,
1620653,2335221,2323352211618218,81807,81807,1,
1620653,2335222,2323352221618218,81807,81807,1,
1620653,2335223,2323352231618218,81807,81807,1,
1620653,2338800,2323388001618218,81807,81807,1,
1620653,2335221,2423352211618218,81807,81807,1,
1620653,2335222,2423352221618218,81807,81807,1,
1620653,2335223,2423352231618218,81807,81807,1,
1620653,2338800,2423388001618218,81807,81807,1,
1620653,2335221,2523352211618218,81807,81807,1,
1620653,2335222,2523352221618218,81807,81807,1,
1620653,2335223,2523352231618218,81807,81807,1,
1620653,2338800,2523388001618218,81807,81807,1,
1620653,2335221,2623352211618218,81807,81807,1,
1620653,2335222,2623352221618218,81807,81807,1,
1620653,2335223,2623352231618218,81807,81807,1,
1620653,2338800,2623388001618218,81807,81807,1,
1620653,2335221,2723352211618218,81807,81807,1,
1620653,2335222,2723352221618218,81807,81807,1,
1620653,2335223,2723352231618218,81807,81807,1,
1620653,2338800,2723388001618218,81807,81807,1,
1620653,2335221,2823352211618218,81807,81807,1,
1620653,2335222,2823352221618218,81807,81807,1,
1620653,2335223,2823352231618218,81807,81807,1,
1620653,2335221,2923352211618218,81807,81807,1,
1620653,2335222,2923352221618218,81807,81807,1,
1620653,2335223,2923352231618218,81807,81807,1,
1620653,2338800,2923388001618218,81807,81807,1,
1620653,2335221,3023352211618218,81807,81807,1,
1620653,2335222,3023352221618218,81807,81807,1,
1620653,2335223,3023352231618218,81807,81807,1,
1620653,2338800,3023388001618218,81807,81807,1,
1620653,2335221,3123352211618218,81807,81807,1,
1620653,2335222,3123352221618218,81807,81807,1,
1620653,2335223,3123352231618218,81807,81807,1,
1620653,2338800,3123388001618218,81807,81807,1,
1620653,2335221,3223352211618218,81807,81807,1,
1620653,2335222,3223352221618218,81807,81807,1,
1620653,2335223,3223352231618218,81807,81807,1,
1620653,2335221,323352211618218,81807,81807,1,
1620653,2335222,323352221618218,81807,81807,1,
1620653,2335223,323352231618218,81807,81807,1,
1620653,2338800,323388001618218,81807,81807,1,
1620653,2335221,3323352211618218,81807,81807,1,
1620653,2335222,3323352221618218,81807,81807,1,
1620653,2335223,3323352231618218,81807,81807,1,
1620653,2338800,3323388001618218,81807,81807,1,
1620653,2335221,3423352211618218,81807,81807,1,
1620653,2335222,3423352221618218,81807,81807,1,
1620653,2335223,3423352231618218,81807,81807,1,
1620653,2338800,3423388001618218,81807,81807,1,
1620653,2335221,3523352211618218,81807,81807,1,
1620653,2335222,3523352221618218,81807,81807,1,
1620653,2335223,3523352231618218,81807,81807,1,
1620653,2338800,3523388001618218,81807,81807,1,
1620653,2335221,3623352211618218,81807,81807,1,
1620653,2335222,3623352221618218,81807,81807,1,
1620653,2335223,3623352231618218,81807,81807,1,
1620653,2338800,3623388001618218,81807,81807,1,
1620653,2335221,3723352211618218,81807,81807,1,
1620653,2335222,3723352221618218,81807,81807,1,
1620653,2335223,3723352231618218,81807,81807,1,
1620653,2338800,3723388001618218,81807,81807,1,
1620653,2335221,3823352211618218,81807,81807,1,
1620653,2335222,3823352221618218,81807,81807,1,
1620653,2335223,3823352231618218,81807,81807,1,
1620653,2338800,3823388001618218,81807,81807,1,
1620653,2335221,3923352211618218,81807,81807,1,
1620653,2335222,3923352221618218,81807,81807,1,
1620653,2335223,3923352231618218,81807,81807,1,
1620653,2338800,3923388001618218,81807,81807,1,
1620653,2335221,4023352211618218,81807,81807,1,
1620653,2335222,4023352221618218,81807,81807,1,
1620653,2335223,4023352231618218,81807,81807,1,
1620653,2338800,4023388001618218,81807,81807,1,
1620653,2335221,4123352211618218,81807,81807,1,
1620653,2335222,4123352221618218,81807,81807,1,
1620653,2335223,4123352231618218,81807,81807,1,
1620653,2338800,4123388001618218,81807,81807,1,
1620653,2335221,4223352211618218,81807,81807,1,
1620653,2335222,4223352221618218,81807,81807,1,
1620653,2335223,4223352231618218,81807,81807,1,
1620653,2338800,4223388001618218,81807,81807,1,
1620653,2335221,423352211618218,81807,81807,1,
1620653,2335222,423352221618218,81807,81807,1,
1620653,2335223,423352231618218,81807,81807,1,
1620653,2338800,423388001618218,81807,81807,1,
1620653,2335221,4323352211618218,81807,81807,1,
1620653,2335222,4323352221618218,81807,81807,1,
1620653,2335223,4323352231618218,81807,81807,1,
1620653,2338800,4323388001618218,81807,81807,1,
1620653,2335221,4423352211618218,81807,81807,1,
1620653,2335222,4423352221618218,81807,81807,1,
1620653,2335223,4423352231618218,81807,81807,1,
1620653,2338800,4423388001618218,81807,81807,1,
1620653,2335221,4523352211618218,81807,81807,1,
1620653,2335222,4523352221618218,81807,81807,1,
1620653,2335223,4523352231618218,81807,81807,1,
1620653,2338800,4523388001618218,81807,81807,1,
1620653,2335221,4623352211618218,81807,81807,1,
1620653,2335222,4623352221618218,81807,81807,1,
1620653,2335223,4623352231618218,81807,81807,1,
1620653,2338800,4623388001618218,81807,81807,1,
1620653,2335221,4723352211618218,81807,81807,1,
1620653,2335222,4723352221618218,81807,81807,1,
1620653,2335223,4723352231618218,81807,81807,1,
1620653,2338800,4723388001618218,81807,81807,1,
1620653,2335221,4823352211618218,81807,81807,1,
1620653,2335222,4823352221618218,81807,81807,1,
1620653,2335223,4823352231618218,81807,81807,1,
1620653,2338800,4823388001618218,81807,81807,1,
1620653,2335221,4923352211618218,81807,81807,1,
1620653,2335222,4923352221618218,81807,81807,1,
1620653,2335223,4923352231618218,81807,81807,1,
1620653,2338800,4923388001618218,81807,81807,1,
1620653,2335221,5023352211618218,81807,81807,1,
1620653,2335222,5023352221618218,81807,81807,1,
1620653,2335223,5023352231618218,81807,81807,1,
1620653,2338800,5023388001618218,81807,81807,1,
1620653,2335221,5123352211618218,81807,81807,1,
1620653,2335222,5123352221618218,81807,81807,1,
1620653,2335223,5123352231618218,81807,81807,1,
1620653,2338800,5123388001618218,81807,81807,1,
1620653,2335221,5223352211618218,81807,81807,1,
1620653,2335222,5223352221618218,81807,81807,1,
1620653,2335223,5223352231618218,81807,81807,1,
1620653,2338800,5223388001618218,81807,81807,1,
1620653,2335221,523352211618218,81807,81807,1,
1620653,2335222,523352221618218,81807,81807,1,
1620653,2335223,523352231618218,81807,81807,1,
1620653,2338800,523388001618218,81807,81807,1,
1620653,2335221,5323352211618218,81807,81807,1,
1620653,2335222,5323352221618218,81807,81807,1,
1620653,2335223,5323352231618218,81807,81807,1,
1620653,2338800,5323388001618218,81807,81807,1,
1620653,2335221,5423352211618218,81807,81807,1,
1620653,2335222,5423352221618218,81807,81807,1,
1620653,2335223,5423352231618218,81807,81807,1,
1620653,2338800,5423388001618218,81807,81807,1,
1620653,2335221,5523352211618218,81807,81807,1,
1620653,2335222,5523352221618218,81807,81807,1,
1620653,2335223,5523352231618218,81807,81807,1,
1620653,2338800,5523388001618218,81807,81807,1,
1620653,2335221,5623352211618218,81807,81807,1,
1620653,2335222,5623352221618218,81807,81807,1,
1620653,2335223,5623352231618218,81807,81807,1,
1620653,2338800,5623388001618218,81807,81807,1,
1620653,2335221,5723352211618218,81807,81807,1,
1620653,2335222,5723352221618218,81807,81807,1,
1620653,2335223,5723352231618218,81807,81807,1,
1620653,2338800,5723388001618218,81807,81807,1,
1620653,2335221,5823352211618218,81807,81807,1,
1620653,2335222,5823352221618218,81807,81807,1,
1620653,2335223,5823352231618218,81807,81807,1,
1620653,2338800,5823388001618218,81807,81807,1,
1620653,2335221,5923352211618218,81807,81807,1,
1620653,2335222,5923352221618218,81807,81807,1,
1620653,2335223,5923352231618218,81807,81807,1,
1620653,2338800,5923388001618218,81807,81807,1,
1620653,2335221,6023352211618218,81807,81807,1,
1620653,2335222,6023352221618218,81807,81807,1,
1620653,2335223,6023352231618218,81807,81807,1,
1620653,2338800,6023388001618218,81807,81807,1,
1620653,2335221,6123352211618218,81807,81807,1,
1620653,2335222,6123352221618218,81807,81807,1,
1620653,2335223,6123352231618218,81807,81807,1,
1620653,2338800,6123388001618218,81807,81807,1,
1620653,2335221,6223352211618218,81807,81807,1,
1620653,2335222,6223352221618218,81807,81807,1,
1620653,2335223,6223352231618218,81807,81807,1,
1620653,2338800,6223388001618218,81807,81807,1,
1620653,2335221,623352211618218,81807,81807,1,
1620653,2335222,623352221618218,81807,81807,1,
1620653,2335223,623352231618218,81807,81807,1,
1620653,2338800,623388001618218,81807,81807,1,
1620653,2335221,6323352211618218,81807,81807,1,
1620653,2335222,6323352221618218,81807,81807,1,
1620653,2335223,6323352231618218,81807,81807,1,
1620653,2338800,6323388001618218,81807,81807,1,
1620653,2335221,6423352211618218,81807,81807,1,
1620653,2335222,6423352221618218,81807,81807,1,
1620653,2335223,6423352231618218,81807,81807,1,
1620653,2338800,6423388001618218,81807,81807,1,
1620653,2335221,6523352211618218,81807,81807,1,
1620653,2335222,6523352221618218,81807,81807,1,
1620653,2335223,6523352231618218,81807,81807,1,
1620653,2338800,6523388001618218,81807,81807,1,
1620653,2335221,6623352211618218,81807,81807,1,
1620653,2335222,6623352221618218,81807,81807,1,
1620653,2335223,6623352231618218,81807,81807,1,
1620653,2338800,6623388001618218,81807,81807,1,
1620653,2335221,6723352211618218,81807,81807,1,
1620653,2335222,6723352221618218,81807,81807,1,
1620653,2335223,6723352231618218,81807,81807,1,
1620653,2338800,6723388001618218,81807,81807,1,
1620653,2335221,6823352211618218,81807,81807,1,
1620653,2335222,6823352221618218,81807,81807,1,
1620653,2335223,6823352231618218,81807,81807,1,
1620653,2338800,6823388001618218,81807,81807,1,
1620653,2335221,6923352211618218,81807,81807,1,
1620653,2335222,6923352221618218,81807,81807,1,
1620653,2335223,6923352231618218,81807,81807,1,
1620653,2338800,6923388001618218,81807,81807,1,
1620653,2335221,7023352211618218,81807,81807,1,
1620653,2335222,7023352221618218,81807,81807,1,
1620653,2335223,7023352231618218,81807,81807,1,
1620653,2338800,7023388001618218,81807,81807,1,
1620653,2335221,7123352211618218,81807,81807,1,
1620653,2335222,7123352221618218,81807,81807,1,
1620653,2335223,7123352231618218,81807,81807,1,
1620653,2338800,7123388001618218,81807,81807,1,
1620653,2335221,7223352211618218,81807,81807,1,
1620653,2335222,7223352221618218,81807,81807,1,
1620653,2335223,7223352231618218,81807,81807,1,
1620653,2338800,7223388001618218,81807,81807,1,
1620653,2335221,723352211618218,81807,81807,1,
1620653,2335222,723352221618218,81807,81807,1,
1620653,2335223,723352231618218,81807,81807,1,
1620653,2338800,723388001618218,81807,81807,1,
1620653,2335221,7323352211618218,81807,81807,1,
1620653,2335222,7323352221618218,81807,81807,1,
1620653,2335223,7323352231618218,81807,81807,1,
1620653,2338800,7323388001618218,81807,81807,1,
1620653,2335221,7423352211618218,81807,81807,1,
1620653,2335222,7423352221618218,81807,81807,1,
1620653,2335223,7423352231618218,81807,81807,1,
1620653,2338800,7423388001618218,81807,81807,1,
1620653,2335221,7523352211618218,81807,81807,1,
1620653,2335222,7523352221618218,81807,81807,1,
1620653,2335223,7523352231618218,81807,81807,1,
1620653,2338800,7523388001618218,81807,81807,1,
1620653,2335221,7623352211618218,81807,81807,1,
1620653,2335222,7623352221618218,81807,81807,1,
1620653,2335223,7623352231618218,81807,81807,1,
1620653,2338800,7623388001618218,81807,81807,1,
1620653,2335221,7723352211618218,81807,81807,1,
1620653,2335222,7723352221618218,81807,81807,1,
1620653,2335223,7723352231618218,81807,81807,1,
1620653,2338800,7723388001618218,81807,81807,1,
1620653,2335221,7823352211618218,81807,81807,1,
1620653,2335222,7823352221618218,81807,81807,1,
1620653,2335223,7823352231618218,81807,81807,1,
1620653,2338800,7823388001618218,81807,81807,1,
1620653,2335221,7923352211618218,81807,81807,1,
1620653,2335222,7923352221618218,81807,81807,1,
1620653,2335223,7923352231618218,81807,81807,1,
1620653,2338800,7923388001618218,81807,81807,1,
1620653,2335221,8023352211618218,81807,81807,1,
1620653,2335222,8023352221618218,81807,81807,1,
1620653,2335223,8023352231618218,81807,81807,1,
1620653,2338800,8023388001618218,81807,81807,1,
1620653,2335221,8123352211618218,81807,81807,1,
1620653,2335222,8123352221618218,81807,81807,1,
1620653,2335223,8123352231618218,81807,81807,1,
1620653,2338800,8123388001618218,81807,81807,1,
1620653,2335221,8223352211618218,81807,81807,1,
1620653,2335222,8223352221618218,81807,81807,1,
1620653,2335223,8223352231618218,81807,81807,1,
1620653,2338800,8223388001618218,81807,81807,1,
1620653,2335221,823352211618218,81807,81807,1,
1620653,2335222,823352221618218,81807,81807,1,
1620653,2335223,823352231618218,81807,81807,1,
1620653,2338800,823388001618218,81807,81807,1,
1620653,2335221,8323352211618218,81807,81807,1,
1620653,2335222,8323352221618218,81807,81807,1,
1620653,2335223,8323352231618218,81807,81807,1,
1620653,2338800,8323388001618218,81807,81807,1,
1620653,2335221,8423352211618218,81807,81807,1,
1620653,2335222,8423352221618218,81807,81807,1,
1620653,2335223,8423352231618218,81807,81807,1,
1620653,2338800,8423388001618218,81807,81807,1,
1620653,2335221,8523352211618218,81807,81807,1,
1620653,2335222,8523352221618218,81807,81807,1,
1620653,2335223,8523352231618218,81807,81807,1,
1620653,2338800,8523388001618218,81807,81807,1,
1620653,2335221,8623352211618218,81807,81807,1,
1620653,2335222,8623352221618218,81807,81807,1,
1620653,2335223,8623352231618218,81807,81807,1,
1620653,2338800,8623388001618218,81807,81807,1,
1620653,2335221,8723352211618218,81807,81807,1,
1620653,2335222,8723352221618218,81807,81807,1,
1620653,2335223,8723352231618218,81807,81807,1,
1620653,2338800,8723388001618218,81807,81807,1,
1620653,2335221,8823352211618218,81807,81807,1,
1620653,2335222,8823352221618218,81807,81807,1,
1620653,2335223,8823352231618218,81807,81807,1,
1620653,2338800,8823388001618218,81807,81807,1,
1620653,2335221,8923352211618218,81807,81807,1,
1620653,2335222,8923352221618218,81807,81807,1,
1620653,2335223,8923352231618218,81807,81807,1,
1620653,2338800,8923388001618218,81807,81807,1,
1620653,2335221,9023352211618218,81807,81807,1,
1620653,2335222,9023352221618218,81807,81807,1,
1620653,2335223,9023352231618218,81807,81807,1,
1620653,2338800,9023388001618218,81807,81807,1,
1620653,2335221,9123352211618218,81807,81807,1,
1620653,2335222,9123352221618218,81807,81807,1,
1620653,2335223,9123352231618218,81807,81807,1,
1620653,2338800,9123388001618218,81807,81807,1,
1620653,2335221,9223352211618218,81807,81807,1,
1620653,2335222,9223352221618218,81807,81807,1,
1620653,2335223,9223352231618218,81807,81807,1,
1620653,2338800,9223388001618218,81807,81807,1,
1620653,2335221,923352211618218,81807,81807,1,
1620653,2335222,923352221618218,81807,81807,1,
1620653,2335223,923352231618218,81807,81807,1,
1620653,2338800,923388001618218,81807,81807,1,
1620653,2335221,9323352211618218,81807,81807,1,
1620653,2335222,9323352221618218,81807,81807,1,
1620653,2335223,9323352231618218,81807,81807,1,
1620653,2338800,9323388001618218,81807,81807,1,
1620653,2335221,9423352211618218,81807,81807,1,
1620653,2335222,9423352221618218,81807,81807,1,
1620653,2335223,9423352231618218,81807,81807,1,
1620653,2338800,9423388001618218,81807,81807,1,
1620653,2335221,9523352211618218,81807,81807,1,
1620653,2335222,9523352221618218,81807,81807,1,
1620653,2335223,9523352231618218,81807,81807,1,
1620653,2338800,9523388001618218,81807,81807,1,
1620653,2335221,9623352211618218,81807,81807,1,
1620653,2335222,9623352221618218,81807,81807,1,
1620653,2335223,9623352231618218,81807,81807,1,
1620653,2338800,9623388001618218,81807,81807,1,
1620653,2335221,9723352211618218,81807,81807,1,
1620653,2335222,9723352221618218,81807,81807,1,
1620653,2335223,9723352231618218,81807,81807,1,
1620653,2338800,9723388001618218,81807,81807,1,
1620653,2335221,9823352211618218,81807,81807,1,
1620653,2335222,9823352221618218,81807,81807,1,
1620653,2335223,9823352231618218,81807,81807,1,
1620653,2338800,9823388001618218,81807,81807,1,
1620653,2335221,9923352211618218,81807,81807,1,
1620653,2335222,9923352221618218,81807,81807,1,
1620653,2335223,9923352231618218,81807,81807,1,
1620653,2338800,9923388001618218,81807,81807,1,
